                  Temp     Hi    Low   Out    Dew  Wind  Wind  Wind    Hi    Hi   Wind   Heat    THW                Rain    Heat    Cool    In     In    In     In   Wind  Wind    ISS   Arc.
  Date    Time     Out   Temp   Temp   Hum    Pt. Speed   Dir   Run Speed   Dir  Chill  Index  Index   Bar    Rain  Rate    D-D     D-D    Temp   Hum    Dew   Heat  Samp   Tx   Recept  Int.
-----------------------------------------------------------------------------------------------------------------------------------------------------------------------------------------------
30/12/05   0:15    9.8    9.9    9.8    45   -1.6   0.0   ESE  0.00   4.3   ESE    9.8    9.1    9.1  1020.0  0.00   0.0   0.089   0.000   19.2    42    5.9   17.9   341    1     99.7   15 
30/12/05   0:30    9.7    9.8    9.7    45   -1.7   0.0   ESE  0.00   3.5   ESE    9.7    9.0    9.0  1020.2  0.00   0.0   0.090   0.000   19.4    42    6.2   18.2   342    1    100.0   15 
30/12/05   0:45    9.8    9.9    9.7    44   -1.9   0.0   ESE  0.00   1.7   ESE    9.8    9.1    9.1  1020.0  0.00   0.0   0.089   0.000   19.5    42    6.2   18.2   341    1     99.7   15 
30/12/05   1:00    9.9   10.1    9.9    44   -1.8   0.0   ESE  0.00   2.6   ESE    9.9    9.2    9.2  1020.1  0.00   0.0   0.087   0.000   19.3    42    6.1   18.1   342    1    100.0   15 
30/12/05   1:15   10.1   10.1   10.1    44   -1.6   0.9   ESE  0.22   2.6   ESE   10.1    9.3    9.3  1020.4  0.00   0.0   0.086   0.000   18.8    43    5.9   17.5   341    1     99.7   15 
30/12/05   1:30   10.2   10.2   10.1    44   -1.6   1.7   ESE  0.43   4.3   ESE   10.2    9.4    9.4  1020.5  0.00   0.0   0.085   0.000   18.3    43    5.5   16.9   342    1    100.0   15 
30/12/05   1:45   10.1   10.1   10.1    44   -1.7   0.0   ESE  0.00   1.7   ESE   10.1    9.3    9.3  1020.5  0.00   0.0   0.086   0.000   17.9    44    5.5   16.7   341    1     99.7   15 
30/12/05   2:00    9.9   10.1    9.9    44   -1.8   0.9   ESE  0.22   3.5   ESE    9.9    9.2    9.2  1020.6  0.00   0.0   0.087   0.000   17.7    44    5.3   16.4   342    1    100.0   15 
30/12/05   2:15    9.9   10.1    9.9    45   -1.5   1.7   ESE  0.43   4.3   ESE    9.9    9.2    9.2  1020.7  0.00   0.0   0.087   0.000   17.5    44    5.1   16.2   342    1    100.0   15 
30/12/05   2:30    9.9   10.1    9.8    43   -2.1   1.7   ESE  0.43   5.2   ESE    9.9    9.2    9.2  1020.7  0.00   0.0   0.087   0.000   17.4    44    5.0   16.1   342    1    100.0   15 
30/12/05   2:45   10.1   10.1   10.1    44   -1.7   1.7   ESE  0.43   5.2   ESE   10.1    9.3    9.3  1020.6  0.00   0.0   0.086   0.000   17.3    44    5.0   16.0   342    1    100.0   15 
30/12/05   3:00   10.1   10.1   10.1    44   -1.7   0.9   ESE  0.22   4.3   ESE   10.1    9.3    9.3  1020.5  0.00   0.0   0.086   0.000   17.2    44    4.9   15.9   342    1    100.0   15 
30/12/05   3:15    9.9   10.1    9.9    45   -1.5   0.0   ESE  0.00   2.6   ESE    9.9    9.2    9.2  1020.5  0.00   0.0   0.087   0.000   17.2    44    4.8   15.8   342    1    100.0   15 
30/12/05   3:30    9.9    9.9    9.9    44   -1.8   0.9   ESE  0.22   2.6   ESE    9.9    9.2    9.2  1020.4  0.00   0.0   0.087   0.000   17.1    44    4.7   15.8   342    1    100.0   15 
30/12/05   3:45    9.8    9.9    9.7    45   -1.6   0.9   ESE  0.22   4.3   ESE    9.8    9.1    9.1  1020.4  0.00   0.0   0.089   0.000   17.0    44    4.6   15.7   342    1    100.0   15 
30/12/05   4:00    9.7    9.7    9.7    43   -2.3   0.9   ESE  0.22   4.3   ESE    9.7    8.9    8.9  1020.5  0.00   0.0   0.090   0.000   17.0    44    4.6   15.7   342    1    100.0   15 
30/12/05   4:15    9.7    9.7    9.7    45   -1.7   0.9   ESE  0.22   2.6   ESE    9.7    8.9    8.9  1020.7  0.00   0.0   0.090   0.000   16.9    44    4.6   15.6   342    1    100.0   15 
30/12/05   4:30    9.4    9.7    9.3    46   -1.6   1.7   ESE  0.43   5.2   ESE    9.4    8.7    8.7  1021.0  0.00   0.0   0.093   0.000   16.9    44    4.5   15.6   342    1    100.0   15 
30/12/05   4:45    9.3    9.3    9.2    46   -1.8   1.7     E  0.43   5.2     E    9.3    8.6    8.6  1021.0  0.00   0.0   0.094   0.000   16.8    44    4.5   15.5   342    1    100.0   15 
30/12/05   5:00    9.2    9.3    9.2    46   -1.8   1.7   ENE  0.43   7.0     E    9.2    8.5    8.5  1021.0  0.00   0.0   0.095   0.000   16.8    44    4.5   15.5   342    1    100.0   15 
30/12/05   5:15    9.2    9.2    9.2    47   -1.6   1.7   ENE  0.43   6.1   ENE    9.2    8.4    8.4  1021.1  0.00   0.0   0.095   0.000   16.8    44    4.4   15.4   342    1    100.0   15 
30/12/05   5:30    9.0    9.2    8.9    47   -1.7   0.9   ENE  0.22   5.2   ENE    9.0    8.3    8.3  1021.4  0.00   0.0   0.097   0.000   16.8    44    4.4   15.4   342    1    100.0   15 
30/12/05   5:45    8.9    9.1    8.9    47   -1.8   0.9   ENE  0.22   6.1   ENE    8.9    8.2    8.2  1021.5  0.00   0.0   0.098   0.000   16.7    44    4.4   15.4   342    1    100.0   15 
30/12/05   6:00    9.1    9.1    9.0    47   -1.7   1.7     E  0.43   6.1     E    9.1    8.3    8.3  1021.7  0.00   0.0   0.097   0.000   16.7    44    4.3   15.3   342    1    100.0   15 
30/12/05   6:15    8.9    9.0    8.9    47   -1.8   0.9   ENE  0.22   6.1   ENE    8.9    8.2    8.2  1021.9  0.00   0.0   0.098   0.000   16.7    44    4.3   15.3   342    1    100.0   15 
30/12/05   6:30    8.8    8.9    8.6    48   -1.6   0.0   ENE  0.00   3.5   ENE    8.8    8.1    8.1  1021.9  0.00   0.0   0.100   0.000   16.6    44    4.3   15.3   342    1    100.0   15 
30/12/05   6:45    8.6    8.7    8.5    48   -1.8   0.0     E  0.00   4.3     E    8.6    7.9    7.9  1022.0  0.00   0.0   0.102   0.000   16.6    45    4.6   15.3   342    1    100.0   15 
30/12/05   7:00    8.7    8.7    8.7    47   -2.0   0.9     E  0.22   4.3     E    8.7    8.0    8.0  1022.2  0.00   0.0   0.100   0.000   16.6    45    4.6   15.3   342    1    100.0   15 
30/12/05   7:15    8.7    8.7    8.7    49   -1.4   0.9     E  0.22   6.1     E    8.7    8.1    8.1  1022.4  0.00   0.0   0.100   0.000   16.6    45    4.6   15.3   341    1     99.7   15 
30/12/05   7:30    8.8    8.8    8.7    47   -1.9   0.9     E  0.22   5.2     E    8.8    8.1    8.1  1022.5  0.00   0.0   0.100   0.000   16.6    44    4.3   15.3   342    1    100.0   15 
30/12/05   7:45    8.9    9.2    8.8    46   -2.1   0.9     E  0.22   5.2     E    8.9    8.2    8.2  1022.6  0.00   0.0   0.098   0.000   16.6    44    4.3   15.3   341    1     99.7   15 
30/12/05   8:00    9.6    9.9    9.2    45   -1.8   0.9     E  0.22   5.2     E    9.6    8.9    8.9  1022.3  0.00   0.0   0.091   0.000   16.6    44    4.3   15.3   342    1    100.0   15 
30/12/05   8:15   10.1   10.4    9.9    44   -1.7   0.9     E  0.22   7.0   ESE   10.1    9.3    9.3  1022.4  0.00   0.0   0.086   0.000   16.7    44    4.3   15.3   342    1    100.0   15 
30/12/05   8:30   10.6   10.8   10.4    43   -1.5   0.9   ESE  0.22   7.0   ESE   10.6    9.7    9.7  1022.5  0.00   0.0   0.080   0.000   16.7    44    4.3   15.3   343    1    100.0   15 
30/12/05   8:45   10.9   11.2   10.7    43   -1.2   0.9   ESE  0.22   6.1   ESE   10.9   10.0   10.0  1022.5  0.00   0.0   0.077   0.000   16.7    44    4.3   15.3   342    1    100.0   15 
30/12/05   9:00   11.4   11.6   11.1    42   -1.1   0.9   ESE  0.22   5.2   ESE   11.4   10.3   10.3  1022.7  0.00   0.0   0.072   0.000   16.7    45    4.7   15.4   342    1    100.0   15 
30/12/05   9:15   11.5   11.6   11.4    41   -1.3   0.9   ESE  0.22   7.0   ESE   11.5   10.4   10.4  1022.5  0.00   0.0   0.071   0.000   16.8    45    4.8   15.5   309    1     90.4   15 
30/12/05   9:30   11.8   12.0   11.6    41   -1.1   0.9   ESE  0.22   5.2   ESE   11.8   10.6   10.6  1022.5  0.00   0.0   0.068   0.000   16.8    45    4.8   15.5   342    1    100.0   15 
30/12/05   9:45   12.1   12.3   11.9    41   -0.8   0.9   ESE  0.22   8.7   ESE   12.1   10.9   10.9  1022.4  0.00   0.0   0.065   0.000   16.8    45    4.8   15.5   342    1    100.0   15 
30/12/05  10:00   12.2   12.3   12.2    41   -0.7   0.9   ESE  0.22   9.6   ESE   12.2   11.0   11.0  1022.2  0.00   0.0   0.064   0.000   16.9    45    4.9   15.6   342    1    100.0   15 
30/12/05  10:15   12.4   12.4   12.3    40   -0.8   2.6   ESE  0.65   8.7   ESE   12.4   11.2   11.2  1022.2  0.00   0.0   0.061   0.000   17.1    46    5.4   15.9   342    1    100.0   15 
30/12/05  10:30   12.7   12.9   12.4    42    0.1   1.7   ESE  0.43   9.6   ESE   12.7   11.4   11.4  1021.7  0.00   0.0   0.059   0.000   17.9    46    6.1   16.7   342    1    100.0   15 
30/12/05  10:45   13.0   13.2   12.8    40   -0.3   1.7   ENE  0.43   8.7   ESE   13.0   11.7   11.7  1021.5  0.00   0.0   0.056   0.000   18.6    45    6.4   17.4   341    1     99.7   15 
30/12/05  11:00   13.2   13.3   13.2    40   -0.1   0.9     E  0.22   7.0     E   13.2   11.8   11.8  1021.1  0.00   0.0   0.053   0.000   19.1    44    6.5   17.9   342    1    100.0   15 
30/12/05  11:15   13.6   13.7   13.3    39   -0.2   1.7   ESE  0.43   9.6   ESE   13.6   12.1   12.1  1020.9  0.00   0.0   0.050   0.000   19.3    43    6.4   18.1   342    1    100.0   15 
30/12/05  11:30   13.9   14.1   13.7    39    0.1   1.7   ESE  0.43  12.2   ESE   13.9   12.4   12.4  1020.6  0.00   0.0   0.046   0.000   19.5    43    6.6   18.3   342    1    100.0   15 
30/12/05  11:45   13.9   14.0   13.8    39    0.1   2.6   ESE  0.65  10.4   ESE   13.9   12.4   12.4  1020.4  0.00   0.0   0.046   0.000   19.7    43    6.7   18.5   342    1    100.0   15 
30/12/05  12:00   14.1   14.2   13.8    37   -0.4   0.9   ESE  0.22   7.0   ESE   14.1   12.5   12.5  1020.2  0.00   0.0   0.045   0.000   19.9    43    6.9   18.7   342    1    100.0   15 
30/12/05  12:15   14.0   14.2   13.9    38   -0.1   1.7   ESE  0.43   8.7   ESE   14.0   12.5   12.5  1020.2  0.00   0.0   0.045   0.000   20.1    42    6.7   18.8   341    1     99.7   15 
30/12/05  12:30   13.9   14.0   13.7    39    0.1   2.6   ESE  0.65   7.0   ESE   13.9   12.4   12.4  1020.1  0.00   0.0   0.046   0.000   20.2    44    7.5   19.1   342    1    100.0   15 
30/12/05  12:45   14.1   14.2   14.0    39    0.3   0.9   ESE  0.22   7.0   ESE   14.1   12.6   12.6  1020.1  0.00   0.0   0.045   0.000   19.8    44    7.2   18.7   342    1    100.0   15 
30/12/05  13:00   14.1   14.2   14.0    38   -0.0   1.7   ESE  0.43   8.7   ESE   14.1   12.6   12.6  1019.9  0.00   0.0   0.044   0.000   19.4    46    7.5   18.4   342    1    100.0   15 
30/12/05  13:15   14.3   14.6   14.1    38    0.1   0.9   ESE  0.22   8.7   ESE   14.3   12.8   12.8  1020.0  0.00   0.0   0.042   0.000   19.1    46    7.2   18.0   342    1    100.0   15 
30/12/05  13:30   14.7   14.9   14.5    38    0.5   0.9   ESE  0.22   6.1   ESE   14.7   13.2   13.2  1020.1  0.00   0.0   0.038   0.000   18.9    47    7.3   17.8   342    1    100.0   15 
30/12/05  13:45   15.0   15.2   14.8    37    0.4   0.0   ESE  0.00   5.2   ESE   15.0   13.4   13.4  1020.1  0.00   0.0   0.035   0.000   18.8    47    7.2   17.7   341    1     99.7   15 
30/12/05  14:00   15.1   15.3   14.9    38    0.8   0.0   ESE  0.00   2.6   ESE   15.1   13.4   13.4  1020.1  0.00   0.0   0.034   0.000   18.7    47    7.1   17.6   342    1    100.0   15 
30/12/05  14:15   15.3   15.8   14.9    36    0.3   0.9   ESE  0.22   3.5   ESE   15.3   13.7   13.7  1020.0  0.00   0.0   0.031   0.000   18.6    47    7.1   17.6   342    1    100.0   15 
30/12/05  14:30   15.7   15.8   15.6    36    0.6   0.9   ESE  0.22   6.1   ESE   15.7   14.0   14.0  1020.0  0.00   0.0   0.028   0.000   18.6    47    7.1   17.6   304    1     88.9   15 
30/12/05  14:45   15.7   15.8   15.6    36    0.6   0.0   ESE  0.00   0.9   ESE   15.7   14.0   14.0  1020.2  0.00   0.0   0.028   0.000   18.6    47    7.0   17.4   342    1    100.0   15 
30/12/05  15:00   15.1   15.6   14.8    37    0.5   0.9   ESE  0.22   5.2   ESE   15.1   13.4   13.4  1020.3  0.00   0.0   0.034   0.000   18.5    47    7.0   17.4   342    1    100.0   15 
30/12/05  15:15   14.7   14.8   14.5    38    0.5   0.0   ESE  0.00   1.7   ESE   14.7   13.1   13.1  1020.2  0.00   0.0   0.038   0.000   18.4    47    6.9   17.3   341    1     99.7   15 
30/12/05  15:30   14.3   14.5   14.2    40    0.9   0.0   ESE  0.00   2.6   ESE   14.3   12.9   12.9  1020.2  0.00   0.0   0.042   0.000   18.4    48    7.2   17.3   341    1     99.7   15 
30/12/05  15:45   14.2   14.2   14.1    42    1.4   0.0   ESE  0.00   1.7   ESE   14.2   12.8   12.8  1020.5  0.00   0.0   0.043   0.000   18.3    48    7.1   17.3   342    1    100.0   15 
30/12/05  16:00   13.9   14.1   13.7    43    1.6   0.0   ESE  0.00   3.5   ESE   13.9   12.7   12.7  1020.5  0.00   0.0   0.046   0.000   18.3    47    6.8   17.2   342    1    100.0   15 
30/12/05  16:15   13.7   13.7   13.6    43    1.3   0.0   ESE  0.00   4.3   ESE   13.7   12.4   12.4  1020.6  0.00   0.0   0.049   0.000   18.3    48    7.1   17.3   342    1    100.0   15 
30/12/05  16:30   13.4   13.6   13.3    42    0.8   0.9   ESE  0.22   4.3   ESE   13.4   12.1   12.1  1020.9  0.00   0.0   0.051   0.000   18.3    48    7.1   17.3   342    1    100.0   15 
30/12/05  16:45   13.2   13.3   13.1    42    0.6   0.9   ESE  0.22   5.2   ESE   13.2   11.9   11.9  1020.9  0.00   0.0   0.053   0.000   18.3    48    7.1   17.3   342    1    100.0   15 
30/12/05  17:00   13.0   13.1   12.9    43    0.7   0.0   ESE  0.00   3.5   ESE   13.0   11.8   11.8  1021.1  0.00   0.0   0.056   0.000   18.4    48    7.2   17.4   343    1    100.0   15 
30/12/05  17:15   12.9   12.9   12.8    42    0.3   1.7   ESE  0.43   5.2   ESE   12.9   11.6   11.6  1021.3  0.00   0.0   0.057   0.000   18.4    48    7.2   17.4   342    1    100.0   15 
30/12/05  17:30   12.8   12.9   12.8    41   -0.1   1.7   ESE  0.43   6.1   ESE   12.8   11.6   11.6  1021.3  0.00   0.0   0.057   0.000   18.5    49    7.6   17.5   342    1    100.0   15 
30/12/05  17:45   12.8   12.8   12.8    42    0.2   0.9     E  0.22   7.0   ESE   12.8   11.6   11.6  1021.4  0.00   0.0   0.057   0.000   18.6    48    7.4   17.6   342    1    100.0   15 
30/12/05  18:00   12.8   12.8   12.8    40   -0.5   1.7     E  0.43   8.7     E   12.8   11.5   11.5  1021.5  0.00   0.0   0.058   0.000   18.7    48    7.4   17.7   281    1     82.2   15 
30/12/05  18:15   12.8   12.8   12.8    40   -0.5   1.7     E  0.43   7.0     E   12.8   11.6   11.6  1021.6  0.00   0.0   0.057   0.000   18.7    49    7.8   17.8   342    1    100.0   15 
30/12/05  18:30   12.8   12.8   12.8    40   -0.5   0.9     E  0.22   5.2     E   12.8   11.5   11.5  1021.6  0.00   0.0   0.058   0.000   18.7    48    7.4   17.7   342    1    100.0   15 
30/12/05  18:45   12.8   12.8   12.8    39   -0.8   1.7   ENE  0.43   7.0     E   12.8   11.4   11.4  1021.5  0.00   0.0   0.058   0.000   18.5    48    7.3   17.4   281    1     82.2   15 
30/12/05  19:00   12.8   12.8   12.8    40   -0.5   1.7     E  0.43   7.0     E   12.8   11.6   11.6  1021.5  0.00   0.0   0.057   0.000   18.4    48    7.2   17.3   342    1    100.0   15 
30/12/05  19:15   12.7   12.8   12.7    40   -0.6   1.7     E  0.43   7.0     E   12.7   11.4   11.4  1021.2  0.00   0.0   0.058   0.000   18.3    48    7.1   17.3   342    1    100.0   15 
30/12/05  19:30   12.6   12.7   12.6    40   -0.7   1.7   ESE  0.43   9.6   ESE   12.6   11.3   11.3  1021.2  0.00   0.0   0.060   0.000   18.3    48    7.1   17.2   342    1    100.0   15 
30/12/05  19:45   12.5   12.6   12.4    40   -0.8   2.6   ESE  0.65   8.7   ESE   12.5   11.3   11.3  1021.3  0.00   0.0   0.061   0.000   18.3    47    6.8   17.2   304    1     88.9   15 
30/12/05  20:00   12.4   12.4   12.3    41   -0.5   1.7   ESE  0.43   6.1   ESE   12.4   11.2   11.2  1021.2  0.00   0.0   0.062   0.000   18.3    47    6.8   17.2   340    1     99.4   15 
30/12/05  20:15   12.3   12.3   12.3    41   -0.6   1.7   ESE  0.43   9.6   ESE   12.3   11.1   11.1  1020.9  0.00   0.0   0.063   0.000   18.3    47    6.8   17.2   342    1    100.0   15 
30/12/05  20:30   12.3   12.3   12.3    41   -0.6   2.6   ESE  0.65   8.7   ESE   12.3   11.1   11.1  1021.0  0.00   0.0   0.063   0.000   18.3    47    6.8   17.2   342    1    100.0   15 
30/12/05  20:45   12.2   12.3   12.2    41   -0.7   1.7   ESE  0.43  10.4   ESE   12.2   11.0   11.0  1020.9  0.00   0.0   0.064   0.000   18.3    47    6.8   17.2   342    1    100.0   15 
30/12/05  21:00   12.1   12.2   12.0    40   -1.1   1.7   ESE  0.43   8.7   ESE   12.1   10.9   10.9  1021.0  0.00   0.0   0.065   0.000   18.3    47    6.8   17.2   342    1    100.0   15 
30/12/05  21:15   11.9   12.0   11.8    41   -0.9   0.9   ESE  0.22   5.2   ESE   11.9   10.8   10.8  1021.0  0.00   0.0   0.067   0.000   18.3    47    6.8   17.2   342    1    100.0   15 
30/12/05  21:30   11.8   11.8   11.8    41   -1.0   0.9   ESE  0.22   6.1   ESE   11.8   10.7   10.7  1021.1  0.00   0.0   0.068   0.000   18.3    47    6.8   17.2   342    1    100.0   15 
30/12/05  21:45   11.8   11.8   11.8    41   -1.1   0.9   ESE  0.22   5.2   ESE   11.8   10.6   10.6  1021.2  0.00   0.0   0.068   0.000   18.3    46    6.5   17.1   342    1    100.0   15 
30/12/05  22:00   11.8   11.8   11.8    41   -1.1   0.9   ESE  0.22   5.2   ESE   11.8   10.6   10.6  1021.2  0.00   0.0   0.068   0.000   18.3    46    6.5   17.1   342    1    100.0   15 
30/12/05  22:15   11.8   11.8   11.7    41   -1.1   0.9   ESE  0.22   7.0   ESE   11.8   10.6   10.6  1021.0  0.00   0.0   0.068   0.000   18.3    46    6.5   17.1   342    1    100.0   15 
30/12/05  22:30   11.7   11.7   11.7    39   -1.8   0.9   ESE  0.22   6.1   ESE   11.7   10.5   10.5  1020.9  0.00   0.0   0.069   0.000   18.3    46    6.5   17.1   342    1    100.0   15 
30/12/05  22:45   11.7   11.7   11.6    41   -1.1   0.9   ESE  0.22   4.3   ESE   11.7   10.6   10.6  1020.9  0.00   0.0   0.069   0.000   18.3    46    6.5   17.1   342    1    100.0   15 
30/12/05  23:00   11.6   11.6   11.6    41   -1.2   1.7   ESE  0.43   6.1   ESE   11.6   10.5   10.5  1020.5  0.00   0.0   0.070   0.000   18.3    46    6.5   17.1   342    1    100.0   15 
30/12/05  23:15   11.6   11.6   11.4    41   -1.3   1.7   ENE  0.43   7.0   ENE   11.6   10.4   10.4  1020.2  0.00   0.0   0.071   0.000   18.3    46    6.5   17.1   342    1    100.0   15 
30/12/05  23:30   11.4   11.6   11.4    41   -1.4   1.7     E  0.43   8.7     E   11.4   10.3   10.3  1020.1  0.00   0.0   0.072   0.000   18.3    46    6.5   17.1   342    1    100.0   15 
30/12/05  23:45   11.4   11.4   11.4    41   -1.4   0.9     E  0.22   5.2     E   11.4   10.3   10.3  1020.1  0.00   0.0   0.072   0.000   18.3    46    6.5   17.1   342    1    100.0   15 
31/12/05  00:00   11.5   11.6   11.4    41   -1.3   1.7     E  0.43   7.0     E   11.5   10.4   10.4  1020.1  0.00   0.0   0.071   0.000   18.3    46    6.5   17.1   342    1    100.0   15 
31/12/05   0:15   11.5   11.6   11.4    41   -1.3   1.7     E  0.43   7.0   ENE   11.5   10.4   10.4  1019.9  0.00   0.0   0.071   0.000   18.3    47    6.8   17.2   340    1     99.4   15 
31/12/05   0:30   11.4   11.4   11.4    42   -1.0   2.6   ENE  0.65   9.6   ENE   11.4   10.4   10.4  1019.8  0.00   0.0   0.072   0.000   18.3    48    7.1   17.3   342    1    100.0   15 
31/12/05   0:45   11.4   11.4   11.4    41   -1.4   1.7   ENE  0.43   6.1   ENE   11.4   10.3   10.3  1020.0  0.00   0.0   0.072   0.000   18.3    49    7.4   17.3   342    1    100.0   15 
31/12/05   1:00   11.3   11.4   11.3    41   -1.5   1.7   ENE  0.43   7.0   ENE   11.3   10.3   10.3  1020.1  0.00   0.0   0.073   0.000   18.2    50    7.6   17.3   342    1    100.0   15 
31/12/05   1:15   11.3   11.4   11.3    41   -1.5   1.7   ENE  0.43   7.0   ENE   11.3   10.2   10.2  1020.0  0.00   0.0   0.073   0.000   18.2    51    7.9   17.3   342    1    100.0   15 
31/12/05   1:30   11.3   11.3   11.3    42   -1.2   1.7   ENE  0.43   6.1   ENE   11.3   10.2   10.2  1020.1  0.00   0.0   0.073   0.000   18.2    51    7.9   17.3   342    1    100.0   15 
31/12/05   1:45   11.3   11.4   11.3    40   -1.8   1.7   ENE  0.43   7.0   ENE   11.3   10.2   10.2  1019.7  0.00   0.0   0.073   0.000   18.1    51    7.8   17.2   341    1     99.7   15 
31/12/05   2:00   11.4   11.4   11.3    42   -1.1   1.7   ENE  0.43   7.0   ENE   11.4   10.3   10.3  1019.9  0.00   0.0   0.072   0.000   18.1    51    7.8   17.2   342    1    100.0   15 
31/12/05   2:15   11.3   11.4   11.3    41   -1.5   3.5   ENE  0.87   9.6   ENE   10.8   10.2    9.8  1019.9  0.00   0.0   0.073   0.000   18.0    51    7.7   17.1   342    1    100.0   15 
31/12/05   2:30   11.3   11.3   11.2    41   -1.5   1.7     E  0.43   7.8     E   11.3   10.2   10.2  1019.8  0.00   0.0   0.073   0.000   17.9    51    7.7   17.0   342    1    100.0   15 
31/12/05   2:45   11.3   11.3   11.2    41   -1.5   2.6   ENE  0.65   8.7   ENE   11.2   10.2   10.2  1019.8  0.00   0.0   0.073   0.000   17.9    50    7.3   16.9   342    1    100.0   15 
31/12/05   3:00   11.2   11.3   11.2    41   -1.6   1.7     E  0.43   7.0     E   11.2   10.2   10.2  1019.8  0.00   0.0   0.074   0.000   17.9    50    7.3   16.9   341    1     99.7   15 
31/12/05   3:15   11.1   11.2   11.1    41   -1.7   1.7     E  0.43   6.1     E   11.1   10.1   10.1  1020.2  0.00   0.0   0.075   0.000   17.8    50    7.3   16.8   342    1    100.0   15 
31/12/05   3:30   11.1   11.1   11.1    41   -1.7   1.7     E  0.43   7.0     E   11.1   10.1   10.1  1019.9  0.00   0.0   0.075   0.000   17.8    50    7.3   16.8   342    1    100.0   15 
31/12/05   3:45   11.1   11.1   10.9    43   -1.1   1.7     E  0.43   7.0     E   11.1   10.1   10.1  1019.7  0.00   0.0   0.076   0.000   17.8    49    6.9   16.7   342    1    100.0   15 
31/12/05   4:00   10.9   10.9   10.9    41   -1.8   1.7     E  0.43   7.0     E   10.9    9.9    9.9  1019.5  0.00   0.0   0.077   0.000   17.7    49    6.9   16.7   342    1    100.0   15 
31/12/05   4:15   10.9   10.9   10.9    41   -1.9   1.7     E  0.43   6.1     E   10.9    9.9    9.9  1019.6  0.00   0.0   0.078   0.000   17.7    50    7.1   16.7   342    1    100.0   15 
31/12/05   4:30   10.9   10.9   10.9    41   -1.9   1.7     E  0.43   8.7     E   10.9    9.9    9.9  1019.7  0.00   0.0   0.078   0.000   17.6    50    7.1   16.6   342    1    100.0   15 
31/12/05   4:45   10.9   10.9   10.9    41   -1.9   2.6     E  0.65   8.7    NE   10.8    9.9    9.8  1019.7  0.00   0.0   0.078   0.000   17.6    50    7.1   16.6   342    1    100.0   15 
31/12/05   5:00   10.8   10.9   10.8    41   -1.9   1.7   ENE  0.43   7.0   ENE   10.8    9.8    9.8  1019.9  0.00   0.0   0.078   0.000   17.6    49    6.8   16.6   342    1    100.0   15 
31/12/05   5:15   10.8   10.8   10.7    41   -2.0   0.9   ESE  0.22   5.2   ESE   10.8    9.8    9.8  1019.9  0.00   0.0   0.079   0.000   17.6    49    6.7   16.5   342    1    100.0   15 
31/12/05   5:30   10.6   10.7   10.6    42   -1.8   0.9   ESE  0.22   7.0   ESE   10.6    9.7    9.7  1019.9  0.00   0.0   0.080   0.000   17.6    49    6.7   16.5   342    1    100.0   15 
31/12/05   5:45   10.6   10.6   10.6    42   -1.8   0.9     E  0.22   6.1     E   10.6    9.7    9.7  1020.0  0.00   0.0   0.081   0.000   17.6    49    6.7   16.5   342    1    100.0   15 
31/12/05   6:00   10.6   10.6   10.6    42   -1.8   0.9     E  0.22   6.1     E   10.6    9.7    9.7  1020.0  0.00   0.0   0.081   0.000   17.5    49    6.7   16.4   342    1    100.0   15 
31/12/05   6:15   10.6   10.6   10.6    42   -1.8   0.9     E  0.22   6.1     E   10.6    9.7    9.7  1019.9  0.00   0.0   0.081   0.000   17.5    49    6.7   16.4   342    1    100.0   15 
31/12/05   6:30   10.6   10.6   10.6    42   -1.8   1.7     E  0.43   7.0     E   10.6    9.7    9.7  1019.9  0.00   0.0   0.080   0.000   17.4    49    6.6   16.4   304    1     88.9   15 
31/12/05   6:45   10.6   10.6   10.6    42   -1.8   1.7   ENE  0.43   6.1   ENE   10.6    9.7    9.7  1019.7  0.00   0.0   0.080   0.000   17.4    49    6.6   16.4   342    1    100.0   15 
31/12/05   7:00   10.6   10.6   10.4    44   -1.2   0.0   ENE  0.00   5.2   ENE   10.6    9.7    9.7  1019.9  0.00   0.0   0.081   0.000   17.4    49    6.6   16.4   342    1    100.0   15 
31/12/05   7:15   10.4   10.6   10.4    44   -1.3   0.0   ENE  0.00   2.6   ENE   10.4    9.6    9.6  1020.2  0.00   0.0   0.082   0.000   17.4    49    6.6   16.3   341    1     99.7   15 
31/12/05   7:30   10.6   10.7   10.4    42   -1.8   0.9     E  0.22   7.0     E   10.6    9.7    9.7  1020.2  0.00   0.0   0.081   0.000   17.4    48    6.3   16.3   342    1    100.0   15 
31/12/05   7:45   10.8   10.9   10.7    42   -1.6   0.9     E  0.22   4.3     E   10.8    9.9    9.9  1020.1  0.00   0.0   0.078   0.000   17.4    48    6.3   16.3   342    1    100.0   15 
31/12/05   8:00   11.1   11.1   10.9    42   -1.4   0.0     E  0.00   2.6     E   11.1   10.1   10.1  1020.1  0.00   0.0   0.076   0.000   17.4    48    6.3   16.3   341    1     99.7   15 
31/12/05   8:15   11.2   11.4   11.1    40   -1.9   0.0     E  0.00   2.6     E   11.2   10.2   10.2  1020.4  0.00   0.0   0.074   0.000   17.4    48    6.3   16.3   342    1    100.0   15 
31/12/05   8:30   11.7   11.8   11.4    40   -1.5   0.9     E  0.22   6.1     E   11.7   10.5   10.5  1020.1  0.00   0.0   0.069   0.000   17.4    48    6.3   16.3   342    1    100.0   15 
31/12/05   8:45   11.9   12.1   11.8    42   -0.6   0.9     E  0.22   5.2     E   11.9   10.8   10.8  1020.1  0.00   0.0   0.067   0.000   17.5    48    6.4   16.4   341    1     99.7   15 
31/12/05   9:00   12.2   12.3   12.1    41   -0.7   0.9     E  0.22   5.2     E   12.2   11.0   11.0  1020.2  0.00   0.0   0.064   0.000   17.6    48    6.4   16.4   342    1    100.0   15 
31/12/05   9:15   12.3   12.5   12.2    41   -0.6   0.9     E  0.22   5.2     E   12.3   11.1   11.1  1020.3  0.00   0.0   0.063   0.000   17.6    48    6.4   16.4   342    1    100.0   15 
31/12/05   9:30   12.9   13.4   12.5    38   -1.1   0.9     E  0.22   5.2     E   12.9   11.6   11.6  1020.3  0.00   0.0   0.056   0.000   17.6    48    6.5   16.5   342    1    100.0   15 
31/12/05   9:45   13.8   14.1   13.4    37   -0.7   0.9     E  0.22   5.2     E   13.8   12.3   12.3  1020.0  0.00   0.0   0.047   0.000   17.6    48    6.5   16.5   342    1    100.0   15 
31/12/05  10:00   14.2   14.3   14.1    36   -0.7   0.9     E  0.22   5.2     E   14.2   12.6   12.6  1019.7  0.00   0.0   0.043   0.000   17.6    48    6.5   16.5   342    1    100.0   15 
31/12/05  10:15   14.5   14.8   14.2    34   -1.2   0.0     E  0.00   2.6   ESE   14.5   12.8   12.8  1019.8  0.00   0.0   0.040   0.000   17.7    48    6.5   16.6   340    1     99.4   15 
31/12/05  10:30   14.7   15.0   14.5    32   -1.9   0.0     E  0.00   3.5   ESE   14.7   12.9   12.9  1019.4  0.00   0.0   0.038   0.000   17.7    49    6.9   16.7   342    1    100.0   15 
31/12/05  10:45   15.4   15.5   15.0    32   -1.2   0.0   ESE  0.00   2.6     E   15.4   13.6   13.6  1019.2  0.00   0.0   0.031   0.000   17.9    49    7.0   16.8   342    1    100.0   15 
31/12/05  11:00   15.6   15.7   15.4    35    0.2   0.9   ESE  0.22   3.5     E   15.6   13.9   13.9  1018.9  0.00   0.0   0.028   0.000   18.2    49    7.3   17.2   341    1     99.7   15 
31/12/05  11:15   15.3   15.4   15.3    33   -0.9   0.9     E  0.22   4.3   ESE   15.3   13.6   13.6  1018.7  0.00   0.0   0.031   0.000   18.3    49    7.4   17.3   341    1     99.7   15 
31/12/05  11:30   15.4   15.6   15.3    34   -0.4   0.0     E  0.00   4.3     E   15.4   13.7   13.7  1018.4  0.00   0.0   0.030   0.000   18.4    49    7.5   17.4   342    1    100.0   15 
31/12/05  11:45   15.4   15.8   15.3    35    0.0   0.9     E  0.22   4.3     E   15.4   13.7   13.7  1018.2  0.00   0.0   0.030   0.000   18.6    49    7.7   17.7   342    1    100.0   15 
31/12/05  12:00   15.8   15.9   15.7    34   -0.0   0.9     E  0.22   4.3     E   15.8   14.1   14.1  1018.0  0.00   0.0   0.026   0.000   18.7    47    7.2   17.7   342    1    100.0   15 
31/12/05  12:15   16.2   16.4   15.8    33   -0.1   0.9     E  0.22   4.3     E   16.2   14.3   14.3  1017.8  0.00   0.0   0.023   0.000   18.7    47    7.2   17.7   342    1    100.0   15 
31/12/05  12:30   16.1   16.2   16.1    33   -0.2   0.0     E  0.00   1.7     E   16.1   14.2   14.2  1017.7  0.00   0.0   0.023   0.000   18.7    46    6.9   17.6   342    1    100.0   15 
31/12/05  12:45   15.7   16.1   15.5    32   -1.0   0.9     E  0.22   5.2     E   15.7   13.8   13.8  1017.6  0.00   0.0   0.027   0.000   18.8    45    6.6   17.6   342    1    100.0   15 
31/12/05  13:00   15.6   15.7   15.4    33   -0.7   0.9     E  0.22   5.2     E   15.6   13.7   13.7  1017.5  0.00   0.0   0.029   0.000   18.8    45    6.6   17.7   321    1     93.9   15 
31/12/05  13:15   15.4   15.5   15.3    34   -0.4   1.7     E  0.43   6.1     E   15.4   13.7   13.7  1017.4  0.00   0.0   0.030   0.000   18.8    45    6.6   17.7   326    1     95.3   15 
31/12/05  13:30   15.5   15.6   15.4    35    0.1   0.9   ENE  0.22   4.3   ENE   15.5   13.8   13.8  1017.2  0.00   0.0   0.030   0.000   18.8    45    6.6   17.7   342    1    100.0   15 
31/12/05  13:45   15.6   15.6   15.5    35    0.1   0.9     E  0.22   5.2     E   15.6   13.8   13.8  1017.2  0.00   0.0   0.029   0.000   18.9    45    6.7   17.7   342    1    100.0   15 
31/12/05  14:00   15.9   16.1   15.6    34    0.0   0.9     E  0.22   4.3     E   15.9   14.1   14.1  1017.2  0.00   0.0   0.025   0.000   18.9    44    6.4   17.7   306    1     89.5   15 
31/12/05  14:15   16.1   16.2   15.8    34    0.2   0.0     E  0.00   4.3     E   16.1   14.2   14.2  1017.3  0.00   0.0   0.024   0.000   18.8    44    6.3   17.6   342    1    100.0   15 
31/12/05  14:30   15.7   15.8   15.6    34   -0.1   0.0     E  0.00   4.3     E   15.7   13.9   13.9  1017.4  0.00   0.0   0.027   0.000   18.7    43    5.9   17.4   342    1    100.0   15 
31/12/05  14:45   15.5   15.7   15.3    34   -0.3   0.9     E  0.22   6.1     E   15.5   13.7   13.7  1017.5  0.00   0.0   0.030   0.000   18.6    43    5.8   17.3   342    1    100.0   15 
31/12/05  15:00   15.8   16.1   15.5    30   -1.7   0.0     E  0.00   2.6     E   15.8   13.9   13.9  1017.6  0.00   0.0   0.026   0.000   18.6    43    5.8   17.3   342    1    100.0   15 
31/12/05  15:15   16.2   16.4   16.1    30   -1.4   0.0     E  0.00   1.7     E   16.2   14.2   14.2  1017.6  0.00   0.0   0.022   0.000   18.6    42    5.4   17.3   342    1    100.0   15 
31/12/05  15:30   16.5   16.6   16.4    30   -1.2   0.0     E  0.00   1.7     E   16.5   14.5   14.5  1017.4  0.00   0.0   0.019   0.000   18.6    42    5.4   17.2   342    1    100.0   15 
31/12/05  15:45   16.4   16.7   16.2    31   -0.8   0.0   ---  0.00   0.0   ---   16.4   14.5   14.5  1017.7  0.00   0.0   0.020   0.000   18.6    41    5.0   17.2   342    1    100.0   15 
31/12/05  16:00   16.1   16.2   15.8    32   -0.7   0.0   ---  0.00   0.0   ---   16.1   14.2   14.2  1017.7  0.00   0.0   0.024   0.000   18.6    41    5.0   17.2   342    1    100.0   15 
31/12/05  16:15   15.7   15.8   15.5    33   -0.6   0.0     E  0.00   0.9     E   15.7   13.8   13.8  1018.0  0.00   0.0   0.028   0.000   18.4    41    4.9   17.1   342    1    100.0   15 
31/12/05  16:30   15.4   15.5   15.3    33   -0.8   0.0   ---  0.00   0.0   ---   15.4   13.6   13.6  1018.0  0.00   0.0   0.031   0.000   18.4    41    4.9   17.0   342    1    100.0   15 
31/12/05  16:45   15.2   15.3   15.1    32   -1.4   0.0     E  0.00   0.9     E   15.2   13.3   13.3  1017.9  0.00   0.0   0.033   0.000   18.3    40    4.5   16.9   342    1    100.0   15 
31/12/05  17:00   14.9   15.1   14.8    31   -2.1   0.0     E  0.00   2.6     E   14.9   13.1   13.1  1018.0  0.00   0.0   0.035   0.000   18.3    40    4.4   16.8   342    1    100.0   15 
31/12/05  17:15   14.8   14.8   14.8    34   -0.9   0.9     E  0.22   2.6     E   14.8   13.1   13.1  1018.2  0.00   0.0   0.036   0.000   18.3    40    4.4   16.8   342    1    100.0   15 
31/12/05  17:30   14.7   14.8   14.7    33   -1.4   0.9     E  0.22   2.6     E   14.7   12.9   12.9  1018.5  0.00   0.0   0.038   0.000   18.3    40    4.4   16.8   342    1    100.0   15 
31/12/05  17:45   14.6   14.7   14.4    31   -2.4   0.0     E  0.00   1.7     E   14.6   12.7   12.7  1018.6  0.00   0.0   0.039   0.000   18.3    40    4.4   16.8   342    1    100.0   15 
31/12/05  18:00   14.6   14.7   14.4    33   -1.6   0.0     E  0.00   2.6     E   14.6   12.8   12.8  1018.6  0.00   0.0   0.039   0.000   18.3    40    4.4   16.8   342    1    100.0   15 
31/12/05  18:15   14.6   14.7   14.5    35   -0.7   0.0     E  0.00   4.3     E   14.6   12.9   12.9  1018.6  0.00   0.0   0.039   0.000   18.2    39    4.0   16.7   342    1    100.0   15 
31/12/05  18:30   14.4   14.5   14.3    36   -0.5   0.0     E  0.00   4.3     E   14.4   12.8   12.8  1018.6  0.00   0.0   0.041   0.000   18.2    39    4.0   16.7   342    1    100.0   15 
31/12/05  18:45   14.3   14.4   14.3    36   -0.6   0.9     E  0.22   5.2     E   14.3   12.7   12.7  1018.7  0.00   0.0   0.042   0.000   18.2    39    4.0   16.7   342    1    100.0   15 
31/12/05  19:00   14.2   14.3   14.2    36   -0.7   0.0     E  0.00   4.3     E   14.2   12.6   12.6  1018.6  0.00   0.0   0.043   0.000   18.2    39    4.0   16.7   342    1    100.0   15 
31/12/05  19:15   14.2   14.2   14.2    37   -0.3   0.0     E  0.00   5.2     E   14.2   12.6   12.6  1018.5  0.00   0.0   0.043   0.000   18.2    39    4.0   16.7   342    1    100.0   15 
31/12/05  19:30   14.1   14.2   14.1    37   -0.4   0.0     E  0.00   4.3     E   14.1   12.5   12.5  1018.6  0.00   0.0   0.045   0.000   18.2    39    4.0   16.7   342    1    100.0   15 
31/12/05  19:45   14.0   14.1   14.0    37   -0.5   0.0     E  0.00   2.6     E   14.0   12.4   12.4  1018.6  0.00   0.0   0.045   0.000   18.3    38    3.7   16.7   342    1    100.0   15 
31/12/05  20:00   14.1   14.1   14.0    36   -0.8   0.0     E  0.00   2.6     E   14.1   12.4   12.4  1018.5  0.00   0.0   0.045   0.000   18.3    38    3.8   16.8   341    1     99.7   15 
31/12/05  20:15   14.0   14.1   14.0    36   -0.9   0.9     E  0.22   5.2     E   14.0   12.4   12.4  1018.4  0.00   0.0   0.045   0.000   18.4    39    4.2   16.9   342    1    100.0   15 
31/12/05  20:30   13.8   14.0   13.7    37   -0.6   1.7   ENE  0.43   6.1   ENE   13.8   12.3   12.3  1018.4  0.00   0.0   0.047   0.000   18.5    39    4.3   17.0   341    1     99.7   15 
31/12/05  20:45   13.6   13.7   13.5    37   -0.8   0.9     E  0.22   5.2   ENE   13.6   12.1   12.1  1018.2  0.00   0.0   0.049   0.000   18.4    40    4.6   17.0   341    1     99.7   15 
31/12/05  21:00   13.5   13.5   13.4    37   -0.9   0.9     E  0.22   4.3     E   13.5   12.0   12.0  1018.3  0.00   0.0   0.050   0.000   18.3    40    4.5   16.9   341    1     99.7   15 
31/12/05  21:15   13.3   13.4   13.3    35   -1.8   0.9   ENE  0.22   5.2   ENE   13.3   11.8   11.8  1018.0  0.00   0.0   0.052   0.000   18.3    39    4.1   16.8   341    1     99.7   15 
31/12/05  21:30   13.2   13.3   13.1    37   -1.2   0.9     E  0.22   5.2     E   13.2   11.8   11.8  1018.0  0.00   0.0   0.053   0.000   18.3    39    4.1   16.8   342    1    100.0   15 
31/12/05  21:45   13.1   13.1   13.1    36   -1.6   1.7   ENE  0.43   6.1   ENE   13.1   11.6   11.6  1018.0  0.00   0.0   0.054   0.000   18.3    39    4.1   16.8   341    1     99.7   15 
31/12/05  22:00   13.0   13.1   12.9    38   -1.0   0.9   ENE  0.22   4.3   ENE   13.0   11.6   11.6  1018.2  0.00   0.0   0.056   0.000   18.3    38    3.7   16.7   341    1     99.7   15 
31/12/05  22:15   12.8   12.9   12.8    36   -1.9   0.9   ENE  0.22   5.2   ENE   12.8   11.4   11.4  1018.0  0.00   0.0   0.057   0.000   18.3    38    3.7   16.7   342    1    100.0   15 
31/12/05  22:30   12.8   12.8   12.8    35   -2.3   0.9   ENE  0.22   5.2   ENE   12.8   11.4   11.4  1018.0  0.00   0.0   0.057   0.000   18.3    38    3.7   16.7   342    1    100.0   15 
31/12/05  22:45   12.8   12.8   12.7    37   -1.6   0.9   ENE  0.22   5.2   ENE   12.8   11.4   11.4  1018.0  0.00   0.0   0.058   0.000   18.3    38    3.7   16.7   342    1    100.0   15 
31/12/05  23:00   12.6   12.7   12.5    36   -2.1   0.9   ENE  0.22   5.2   ENE   12.6   11.2   11.2  1018.0  0.00   0.0   0.060   0.000   18.3    37    3.3   16.6   342    1    100.0   15 
31/12/05  23:15   12.5   12.5   12.4    35   -2.6   1.7   ENE  0.43   6.1   ENE   12.5   11.1   11.1  1017.7  0.00   0.0   0.061   0.000   18.3    37    3.3   16.6   342    1    100.0   15 
31/12/05  23:30   12.4   12.4   12.4    36   -2.2   1.7   ENE  0.43   5.2   ENE   12.4   11.1   11.1  1017.5  0.00   0.0   0.061   0.000   18.3    37    3.3   16.6   342    1    100.0   15 
31/12/05  23:45   12.4   12.4   12.4    36   -2.2   0.9   ENE  0.22   5.2   ENE   12.4   11.1   11.1  1017.3  0.00   0.0   0.061   0.000   18.3    36    3.0   16.6   342    1    100.0   15 
