                            ANNUAL CLIMATOLOGICAL SUMMARY

NAME: Boaz Nechemia's Vantage Pro  CITY: Jerusalem   STATE: Israel  
ELEV:   770 m  LAT: 31° 48' 00" N  LONG: 35° 12' 00" E

               TEMPERATURE (°C), HEAT BASE 14.5, COOL BASE 25.0
                          DEP.  HEAT  COOL                                          
        MEAN  MEAN        FROM  DEG   DEG                        MAX  MAX  MIN  MIN 
 YR MO  MAX   MIN   MEAN  NORM  DAYS  DAYS  HI  DATE  LOW  DATE  >=32 <=0  <=0  <=-18 
------------------------------------------------------------------------------------
 03  1  14.9   7.2  10.3   1.6   139     0  25.4  12   4.4   17    0    0    0    0
 03  2  11.6   4.8   7.6  -1.9   197     0  19.6  18   0.2   25    0    0    0    0
 03  3  14.2   5.9   9.5  -3.0   161     0  22.4  15   1.4   25    0    0    0    0
 03  4  22.9  10.9  16.2   0.2    47     7  35.5   5   6.2    1    2    0    0    0
 03  5  29.4  18.5  23.5   3.5     0    36  34.0  13  13.6   28    9    0    0    0
 03  6  28.7  17.8  22.8   0.5     0    25  34.6  25  14.2    4    2    0    0    0
 03  7  29.8  19.3  24.0  -0.3     0    34  34.9   6  16.7   13    5    0    0    0
 03  8
 03  9
 03 10
 03 11
 03 12
------------------------------------------------------------------------------------
        21.6  12.0  16.2   0.1   544   102  35.5 APR   0.2  FEB   18    0    0    0

                                PRECIPITATION (mm)

              DEP.   MAX        DAYS OF RAIN 
              FROM   OBS.          OVER
 YR MO  TOTAL NORM   DAY  DATE  .2   2   20
--------------------------------------------
 03  1  83.3 -49.3  19.8   20   13    8    0
 03  2 298.7 180.7  47.8   26   21   16    5
 03  3 126.5  36.5  23.6   19   15   12    1
 03  4  19.1  -5.0  12.4   27    4    3    0
 03  5   0.3  -5.1   0.3   29    1    0    0
 03  6   0.0   0.0   0.0    1    0    0    0
 03  7   0.0   0.0   0.0    1    0    0    0
 03  8   0.0   0.0   0.0    1    0    0    0
 03  9   0.0  -0.3   0.0    1    0    0    0
 03 10   0.0 -16.1   0.0    1    0    0    0
 03 11   0.0 -59.0   0.0    1    0    0    0
 03 12   0.0-107.3   0.0    1    0    0    0
--------------------------------------------
       527.8 -25.0  47.8  FEB   54   39    6

                                WIND SPEED (kt)
                          DOM
 YR MO   AVG.  HI   DATE  DIR
---------------------------------
 03  1   0.7  18.3   15   WNW
 03  2   1.4  25.2   19   WNW
 03  3   1.6  26.1   19   WNW
 03  4   1.2  26.1   25    NW
 03  5   0.7  18.3   30   NNW
 03  6   0.7  14.8    2   NNW
 03  7   0.7  21.7    7   NNW
 03  8
 03  9
 03 10
 03 11
 03 12
---------------------------------
         1.0  26.1  MAR  WNW
