                            ANNUAL CLIMATOLOGICAL SUMMARY

NAME: Boaz Nechemia's Vantage Pro  CITY: Jerusalem   STATE: Israel  
ELEV:   810 m  LAT: 31° 48' 00" N  LONG: 35° 12' 00" E

               TEMPERATURE (°C), HEAT BASE 14.5, COOL BASE 25.0
                          DEP.  HEAT  COOL                                          
        MEAN  MEAN        FROM  DEG   DEG                        MAX  MAX  MIN  MIN 
 YR MO  MAX   MIN   MEAN  NORM  DAYS  DAYS  HI  DATE  LOW  DATE  >=32 <=0  <=0  <=-18 
------------------------------------------------------------------------------------
 03  1  14.9   7.2  10.3   1.2   139     0  25.4  12   4.4   17    0    0    0    0
 03  2  11.6   4.8   7.6  -1.9   197     0  19.6  18   0.2   25    0    0    0    0
 03  3  14.2   5.9   9.5  -2.4   161     0  22.4  15   1.4   25    0    0    0    0
 03  4  22.9  10.9  16.2  -0.8    47     7  35.5   5   6.2    1    2    0    0    0
 03  5  29.4  18.5  23.5   3.0     0    36  34.0  13  13.6   28    9    0    0    0
 03  6  28.7  17.8  22.8   0.1     0    25  34.6  25  14.2    4    2    0    0    0
 03  7  30.0  19.3  24.1  -0.1     0    40  34.9   6  16.7   13    5    0    0    0
 03  8  30.3  19.6  24.1  -0.3     0    36  33.4   1  17.5    6    1    0    0    0
 03  9  27.1  17.4  21.3  -2.1     0    14  33.6   2  15.1   27    1    0    0    0
 03 10  26.3  16.6  20.4  -0.2     3    15  33.7  23  10.6   30    6    0    0    0
 03 11  20.3  13.1  16.0   0.5    31     4  30.1   1   9.6   11    0    0    0    0
 03 12  13.2   7.8  10.2  -1.0   138     0  19.8  14   2.3   18    0    0    0    0
------------------------------------------------------------------------------------
        22.5  13.3  17.2  -0.3   717   178  35.5 APR   0.2  FEB   26    0    0    0

                                PRECIPITATION (mm)

              DEP.   MAX        DAYS OF RAIN 
              FROM   OBS.          OVER
 YR MO  TOTAL NORM   DAY  DATE  .2   2   20
--------------------------------------------
 03  1  83.3 -49.3  19.8   20   13    8    0
 03  2 298.7 180.7  47.8   26   21   16    5
 03  3 126.5  36.5  23.6   19   15   12    1
 03  4  19.1  -5.0  12.4   27    4    3    0
 03  5   0.3  -5.1   0.3   29    1    0    0
 03  6   0.0   0.0   0.0    1    0    0    0
 03  7   0.0   0.0   0.0    1    0    0    0
 03  8   0.0   0.0   0.0    1    0    0    0
 03  9   0.0  -0.3   0.0    1    0    0    0
 03 10   1.8 -14.3   1.3   29    3    0    0
 03 11  15.0 -44.0   7.9   11    4    2    0
 03 12 129.3  22.0  45.7   19   11    8    3
--------------------------------------------
       673.9 121.1  47.8  FEB   72   49    9

                                WIND SPEED (kt)
                          DOM
 YR MO   AVG.  HI   DATE  DIR
---------------------------------
 03  1   0.7  18.3   15   WNW
 03  2   1.4  25.2   19   WNW
 03  3   1.6  26.1   19   WNW
 03  4   1.2  26.1   25    NW
 03  5   0.7  18.3   30   NNW
 03  6   0.7  14.8    2   NNW
 03  7   0.6  21.7    7   NNW
 03  8   6.1  27.0   20     W
 03  9   6.8  34.8    4     W
 03 10   4.8  43.5   29     W
 03 11   3.2  40.0   10   WSW
 03 12   6.4  58.3   18    SW
---------------------------------
         2.9  58.3  DEC  WNW
