                            ANNUAL CLIMATOLOGICAL SUMMARY

NAME: Boaz Nechemia's Vantage Pro  CITY: Jerusalem   STATE: Israel  
ELEV:   820 m  LAT:  31° 44' 24" N  LONG:  35° 10' 48" E

               TEMPERATURE (°C), HEAT BASE 14.5, COOL BASE 25.0
                          DEP.  HEAT  COOL                                          
        MEAN  MEAN        FROM  DEG   DEG                        MAX  MAX  MIN  MIN 
 YR MO  MAX   MIN   MEAN  NORM  DAYS  DAYS  HI  DATE  LOW  DATE  >=32 <=0  <=0  <=-18 
------------------------------------------------------------------------------------
 05  1  12.2   6.8   9.3   1.2   170     0  22.3   1   3.2   18    0    0    0    0
 05  2  12.3   6.2   9.0  -0.1   167     0  24.9  19   1.1    8    0    0    0    0
 05  3  17.2   8.7  12.6   0.9    99     0  27.9  31   4.4   13    0    0    0    0
 05  4  21.9  11.9  16.5   1.0    45     4  32.3  21   5.1    4    1    0    0    0
 05  5  24.2  14.0  18.7  -1.1    17     8  34.0  20   9.2    2    2    0    0    0
 05  6  27.0  16.4  21.3  -0.8     0    12  33.8  13  13.4    2    2    0    0    0
 05  7  29.7  19.5  24.3   1.0     0    43  33.1   4  14.7   27    7    0    0    0
 05  8  29.9  19.7  24.1   0.4     0    40  35.2  14  17.3   11    7    0    0    0
 05  9  27.7  18.3  22.2  -0.1     0    16  33.6  16  15.8    9    2    0    0    0
 05 10  23.6  15.3  18.8  -1.4     7     4  31.6  13   9.7   31    0    0    0    0
 05 11  18.2  11.7  14.4  -0.6    46     0  27.1  29   7.7   23    0    0    0    0
 05 12  17.1  10.3  13.4   3.2    92     0  27.8   3   3.5   25    0    0    0    0
------------------------------------------------------------------------------------
        21.8  13.3  17.1   0.3   642   128  35.2 AUG   1.1  FEB   21    0    0    0

                                PRECIPITATION (mm)

               DEP.   MAX        DAYS OF RAIN 
               FROM   OBS.          OVER
 YR MO  TOTAL  NORM   DAY  DATE  .2   2   20
---------------------------------------------
 05  1 163.1   30.5  38.4    3   13   11    4
 05  2 163.1   45.1  63.0    6   10    8    3
 05  3  44.5  -45.5  13.7    9    7    5    0
 05  4   8.9  -15.2   3.0    4    3    3    0
 05  5   0.5   -4.9   0.5    3    1    0    0
 05  6   0.3    0.3   0.3   11    1    0    0
 05  7   0.0    0.0   0.0    1    0    0    0
 05  8   0.0    0.0   0.0    1    0    0    0
 05  9   0.0   -0.3   0.0    1    0    0    0
 05 10  11.9   -4.2  10.2   19    4    1    0
 05 11  45.5  -13.5  24.4   21    9    4    1
 05 12 133.9   26.6  39.9   25    8    6    3
---------------------------------------------
       571.5  18.7  63.0  FEB   56   38   11

                                WIND SPEED (kt)
                          DOM
 YR MO   AVG.  HI   DATE  DIR
---------------------------------
 05  1   6.8  56.5    5    SW
 05  2   8.0  53.9    6    SW
 05  3   6.4  40.0    8     W
 05  4   6.3  44.3    3     W
 05  5   7.5  54.8    4     W
 05  6   7.4  34.8   19     W
 05  7   8.2  35.7    5     W
 05  8   7.4  32.2    8     W
 05  9   6.2  39.1   29     W
 05 10   4.9  40.0   30     W
 05 11   3.5  42.6    4     W
 05 12   4.5  75.7   25   ESE
---------------------------------
         6.4  75.7  DEC    W
