                            ANNUAL CLIMATOLOGICAL SUMMARY

NAME: Boaz Nechemia's Vantage Pro  CITY: Jerusalem   STATE: Israel  
ELEV:   815 m  LAT:  31° 44' 18" N  LONG:  35° 11' 15" E

               TEMPERATURE (°C), HEAT BASE 14.5, COOL BASE 25.0
                          DEP.  HEAT  COOL                                          
        MEAN  MEAN        FROM  DEG   DEG                        MAX  MAX  MIN  MIN 
 YR MO  MAX   MIN   MEAN  NORM  DAYS  DAYS  HI  DATE  LOW  DATE  >=32 <=0  <=0  <=-18 
------------------------------------------------------------------------------------
 07  1  11.7   6.1   8.5   0.4   187     0  19.8  27   3.7    1    0    0    0    0
 07  2  13.6   7.4  10.0   0.9   133     0  20.9  21   2.2    4    0    0    0    0
 07  3  15.6   8.0  11.3  -0.4   121     0  23.7  11   0.6   15    0    0    0    0
 07  4  20.0  10.3  14.8  -0.7    56     1  27.8   7   6.3    4    0    0    0    0
 07  5  26.7  16.3  21.2   1.4     3    22  34.6   6  10.9   22    4    0    0    0
 07  6  28.6  17.8  22.8   0.7     1    38  35.7  10  12.1    3    8    0    0    0
 07  7  29.8  20.1  24.6   1.3     0    48  35.7  26  16.7    2    6    0    0    0
 07  8  29.5  19.7  23.8   0.1     0    36  33.8  24  16.7   15    4    0    0    0
 07  9  27.5  17.5  21.3  -1.0     0    10  33.0  27  15.8   17    1    0    0    0
 07 10  25.6  16.6  20.2   0.0     0     6  30.1  23  13.9   27    0    0    0    0
 07 11  19.6  12.9  15.7   0.7    34     1  28.8   6   7.8   21    0    0    0    0
 07 12  13.9   8.1  10.6   0.4   124     0  19.9   1   5.1   30    0    0    0    0
------------------------------------------------------------------------------------
        21.9  13.4  17.1   0.3   660   163  35.7 JUN   0.6  MAR   23    0    0    0

                                PRECIPITATION (mm)

               DEP.   MAX        DAYS OF RAIN 
               FROM   OBS.          OVER
 YR MO  TOTAL  NORM   DAY  DATE  .2   2   20
---------------------------------------------
 07  1 171.7   39.1  48.3    5   10    8    4
 07  2  79.5  -38.5  18.3    3   15    9    0
 07  3  81.0   -9.0  38.4   15   14    5    1
 07  4   5.6  -18.5   4.6   14    3    1    0
 07  5  30.2   24.8  18.8   12    7    2    0
 07  6   0.8    0.8   0.3    3    3    0    0
 07  7   0.0    0.0   0.0    1    0    0    0
 07  8   0.0    0.0   0.0    1    0    0    0
 07  9   0.0   -0.3   0.0    1    0    0    0
 07 10   0.8  -15.3   0.5   17    2    0    0
 07 11  68.6    9.6  49.0   21    5    5    1
 07 12  52.8  -54.5  25.1    2    5    5    1
---------------------------------------------
       491.0 -61.8  49.0  NOV   64   35    7

                                WIND SPEED (kt)
                          DOM
 YR MO   AVG.  HI   DATE  DIR
---------------------------------
 07  1   5.5  60.9   20   ENE
 07  2   7.2  51.3    3   WSW
 07  3   6.9  51.3   23     W
 07  4   7.1  42.6    7     W
 07  5   5.8  42.6    3     W
 07  6   7.4  35.7   30     W
 07  7   7.6  37.4    1     W
 07  8   7.0  32.2    1     W
 07  9   6.6  34.8    6     W
 07 10   4.2  41.7   30     W
 07 11   4.2  67.0   24     W
 07 12   4.2  41.7    6   WSW
---------------------------------
         6.1  67.0  NOV    W
