                            ANNUAL CLIMATOLOGICAL SUMMARY

NAME: Boaz Nechemia's Vantage Pro  CITY: Jerusalem   STATE: Israel  
ELEV:   755 m  LAT:  31° 46' 09" N  LONG:  35° 12' 07" E

               TEMPERATURE (°C), HEAT BASE 14.5, COOL BASE 25.0
                          DEP.  HEAT  COOL                                          
        MEAN  MEAN        FROM  DEG   DEG                        MAX  MAX  MIN  MIN 
 YR MO  MAX   MIN   MEAN  NORM  DAYS  DAYS  HI  DATE  LOW  DATE  >=32 <=0  <=0  <=-18 
------------------------------------------------------------------------------------
 10  1  15.6   9.4  12.3   4.2    93     0  23.7   9   5.1   27    0    0    0    0
 10  2  16.2   8.8  12.5   3.4   102     0  26.4  15   1.2    6    0    0    0    0
 10  3  20.0  11.7  15.5   3.8    64     8  31.6  11   5.9   19    0    0    0    0
 10  4  22.9  12.2  17.1   1.6    27     5  30.6  11   8.2   13    0    0    0    0
 10  5  27.1  14.9  20.6   0.8     6    22  34.3  16   9.7    1    6    0    0    0
 10  6  29.7  17.8  23.5   1.4     0    42  37.1   1  14.4   28    7    0    0    0
 10  7  31.1  19.1  24.3   1.0     0    48  36.8  31  16.8    3    9    0    0    0
 10  8  33.8  21.4  26.7   3.0     0    88  40.6  19  19.2   31   24    0    0    0
 10  9  30.5  19.2  23.9   1.6     0    38  35.0  24  15.6   19   11    0    0    0
 10 10  28.0  17.6  22.3   2.1     0    32  36.1  20  13.4   31    9    0    0    0
 10 11  24.9  14.5  19.2   4.2     7     3  28.8  11   9.7   23    0    0    0    0
 10 12  17.3   9.4  13.2   3.0    69     0  25.6   5   1.1   13    0    0    0    0
------------------------------------------------------------------------------------
        24.8  14.7  19.3   2.5   369   287  40.6 AUG   1.1  DEC   66    0    0    0

                                PRECIPITATION (mm)

               DEP.   MAX        DAYS OF RAIN 
               FROM   OBS.          OVER
 YR MO  TOTAL  NORM   DAY  DATE  .2   2   20
---------------------------------------------
 10  1  94.0  -39.2  55.1   18   12    4    1
 10  2 194.1   75.8  77.0   26    9    7    2
 10  3  13.7  -79.0   3.8   18    7    4    0
 10  4   4.6  -19.9   3.6   22    5    1    0
 10  5   4.1    0.9   3.6    2    3    1    0
 10  6   0.3    0.3   0.3   27    1    0    0
 10  7   0.0    0.0   0.0    1    0    0    0
 10  8   0.0    0.0   0.0    1    0    0    0
 10  9   0.3   -0.0   0.3   22    1    0    0
 10 10   3.8  -11.6   3.0   30    3    1    0
 10 11   0.0  -60.8   0.0    1    0    0    0
 10 12  73.9  -31.8  41.9   13    5    3    2
---------------------------------------------
       388.6-165.5  77.0  FEB   46   21    5

                                WIND SPEED (kt)
                          DOM
 YR MO   AVG.  HI   DATE  DIR
---------------------------------
 10  1   6.5  46.1   25   WSW
 10  2   6.7  48.7   28   WSW
 10  3   6.2  44.3    3     W
 10  4   4.1  48.7   11     W
 10  5   1.4  26.1   10     W
 10  6   1.7  25.2   22     W
 10  7   1.1  20.9   27     W
 10  8   0.6  17.4    6     W
 10  9   0.8  18.3    6    NW
 10 10   0.8  19.1   29   WNW
 10 11   0.6  18.3    3    SE
 10 12   1.5  33.9   12    SE
---------------------------------
         2.6  48.7  FEB    W
