                            ANNUAL CLIMATOLOGICAL SUMMARY

NAME: Boaz Nechemia's Vantage Pro  CITY: Jerusalem   STATE: Israel  
ELEV:   745 m  LAT:  31° 46' 09" N  LONG:  35° 12' 07" E

               TEMPERATURE (°C), HEAT BASE 14.5, COOL BASE 25.0
                          DEP.  HEAT  COOL                                          
        MEAN  MEAN        FROM  DEG   DEG                        MAX  MAX  MIN  MIN 
 YR MO  MAX   MIN   MEAN  NORM  DAYS  DAYS  HI  DATE  LOW  DATE  >=32 <=0  <=0  <=-18 
------------------------------------------------------------------------------------
 11  1  13.7   7.3  10.2   2.1   136     0  19.3  27   5.3   25    0    0    0    0
 11  2  14.2   7.2  10.4   1.3   121     0  21.1  19   2.1    3    0    0    0    0
 11  3  17.4   8.2  12.5   0.8    96     0  26.3  31   3.0   10    0    0    0    0
 11  4  20.8  11.7  15.7   0.2    37     5  31.8  18   8.4   14    0    0    0    0
 11  5  24.8  14.3  19.1  -0.7     7     8  32.6  27  10.7    9    1    0    0    0
 11  6  27.2  17.1  21.6  -0.5     0    15  31.1  10  14.6    3    0    0    0    0
 11  7  31.5  19.7  25.3   2.0     0    62  36.6  30  16.8    5   15    0    0    0
 11  8  29.7  19.7  23.9   0.2     0    34  32.0  23  17.4   15    1    0    0    0
 11  9  28.5  18.6  22.8   0.5     0    21  32.2  18  16.1   22    1    0    0    0
 11 10  24.3  15.4  19.2  -1.0     3     5  33.3  10  11.0   31    1    0    0    0
 11 11  16.8   8.9  12.4  -2.6    81     0  22.9  11   3.9   28    0    0    0    0
 11 12  15.4   7.4  11.1   0.9   112     0  20.8  20   4.2   11    0    0    0    0
------------------------------------------------------------------------------------
        22.1  13.0  17.1   0.3   593   150  36.6 JUL   2.1  FEB   19    0    0    0

                                PRECIPITATION (mm)

               DEP.   MAX        DAYS OF RAIN 
               FROM   OBS.          OVER
 YR MO  TOTAL  NORM   DAY  DATE  .2   2   20
---------------------------------------------
 11  1  71.6  -60.4  34.0   30   11    7    1
 11  2  74.7  -56.3  28.2   20   16    8    1
 11  3  68.3   -6.7  18.8   23    8    5    0
 11  4  30.0   11.0  13.7    4    8    5    0
 11  5   4.1   -2.4   2.3   28    4    1    0
 11  6   0.0    0.0   0.0    1    0    0    0
 11  7   0.0    0.0   0.0    1    0    0    0
 11  8   0.0    0.0   0.0    1    0    0    0
 11  9   1.5    0.9   1.3   24    2    0    0
 11 10   0.5  -13.5   0.3   12    2    0    0
 11 11  97.8   42.8  23.4   19   10    8    2
 11 12  74.2  -29.8  47.2   25    5    3    1
---------------------------------------------
       422.7-114.4  47.2  DEC   66   37    5

                                WIND SPEED (kt)
                          DOM
 YR MO   AVG.  HI   DATE  DIR
---------------------------------
 11  1   1.2  27.0   30   WNW
 11  2   1.6  30.4   20   WNW
 11  3   1.3  33.9    9    NW
 11  4   1.5  27.8   12    NW
 11  5   1.2  24.3    2    NW
 11  6   1.4  22.6   11    NW
 11  7   0.9  20.9   22    NW
 11  8   1.0  23.5    3    NW
 11  9   0.7  21.7   23    NW
 11 10   0.5  17.4   19    NW
 11 11   1.2  20.9   15     W
 11 12   1.4  21.7    8     W
---------------------------------
         1.2  33.9  MAR   NW
