                  Temp     Hi    Low   Out    Dew  Wind  Wind   Wind    Hi    Hi   Wind   Heat    THW   THSW                Rain  Solar   Solar Hi Solar   UV    UV    Hi     Heat    Cool    In     In    In     In     In   In Air   Temp   Temp    Hum          Wind  Wind    ISS   Arc.
  Date    Time     Out   Temp   Temp   Hum    Pt. Speed   Dir    Run Speed   Dir  Chill  Index  Index  Index   Bar    Rain  Rate   Rad.  Energy    Rad.  Index  Dose   UV     D-D     D-D    Temp   Hum    Dew   Heat    EMC Density    2nd    3rd    2nd     ET   Samp   Tx   Recept  Int.
---------------------------------------------------------------------------------------------------------------------------------------------------------------------------------------------------------------------------------------------------------------------------------------------
11/08/23   0:10   21.2   21.2   21.2    91   19.6   6.4    NW   1.07  11.3   WSW   21.2   22.4   22.4   20.8  1009.3  0.00   0.0     0     0.00      0     0.0  0.00   0.0   0.000   0.020   27.4    63   19.8   28.8  11.32 1.1436    18.3    ---    ---    0.00   213    3     98.2   10 
11/08/23   0:20   21.1   21.2   21.1    91   19.6   8.0   WNW   1.34  19.3    NW   21.1   22.3   22.3   20.8  1009.2  0.00   0.0     0     0.00      0     0.0  0.00   0.0   0.000   0.019   27.4    63   19.8   28.8  11.32 1.1435    18.9    ---    ---    0.00   211    3     97.2   10 
11/08/23   0:30   21.0   21.1   21.0    91   19.5   9.7   NNW   1.61  17.7     W   21.0   22.2   22.2   20.7  1009.1  0.00   0.0     0     0.00      0     0.0  0.00   0.0   0.000   0.019   27.3    63   19.7   28.7  11.33 1.1440    19.4    ---    ---    0.00   202    3     93.1   10 
11/08/23   0:40   20.9   21.1   20.9    91   19.4   9.7   WNW   1.61  17.7    NW   20.9   22.2   22.2   20.6  1009.1  0.00   0.0     0     0.00      0     0.0  0.00   0.0   0.000   0.018   27.2    63   19.6   28.5  11.33 1.1446    19.4    ---    ---    0.00   201    3     92.6   10 
11/08/23   0:50   20.7   20.9   20.7    91   19.2  11.3   WNW   1.88  22.5   WNW   20.7   21.9   21.9   20.3  1009.1  0.00   0.0     0     0.00      0     0.0  0.00   0.0   0.000   0.017   27.0    63   19.4   28.2  11.34 1.1458    18.9    ---    ---    0.00   207    3     95.4   10 
11/08/23   1:00   20.7   20.8   20.7    92   19.3   9.7    NW   1.61  17.7   WNW   20.7   21.9   21.9   20.3  1009.0  0.00   0.0     0     0.00      0     0.0  0.00   0.0   0.000   0.016   26.9    64   19.6   28.2  11.54 1.1455    18.9    ---    ---    0.03   215    3     99.1   10 
11/08/23   1:10   20.6   20.7   20.6    92   19.2   8.0    NW   1.34  20.9    NW   20.6   21.8   21.8   20.2  1008.8  0.00   0.0     0     0.00      0     0.0  0.00   0.0   0.000   0.015   26.9    63   19.3   28.1  11.34 1.1458    18.3    ---    ---    0.00   214    3     98.6   10 
11/08/23   1:20   20.5   20.6   20.5    92   19.2   9.7   WNW   1.61  16.1    NW   20.5   21.7   21.7   20.1  1008.7  0.00   0.0     0     0.00      0     0.0  0.00   0.0   0.000   0.015   26.9    63   19.3   28.1  11.34 1.1457    17.8    ---    ---    0.00   212    3     97.7   10 
11/08/23   1:30   20.5   20.5   20.4    92   19.2   6.4   WNW   1.07  14.5    NW   20.5   21.7   21.7   20.1  1008.7  0.00   0.0     0     0.00      0     0.0  0.00   0.0   0.000   0.015   26.9    63   19.3   28.1  11.34 1.1457    18.3    ---    ---    0.00   217    3    100.0   10 
11/08/23   1:40   20.5   20.5   20.5    92   19.2   9.7   WNW   1.61  16.1   WNW   20.5   21.7   21.7   20.1  1008.7  0.00   0.0     0     0.00      0     0.0  0.00   0.0   0.000   0.015   26.8    63   19.2   27.9  11.34 1.1462    18.3    ---    ---    0.00   211    3     97.2   10 
11/08/23   1:50   20.5   20.6   20.5    92   19.2   8.0   WNW   1.34  16.1   WNW   20.5   21.7   21.7   20.1  1008.6  0.00   0.0     0     0.00      0     0.0  0.00   0.0   0.000   0.015   26.7    63   19.1   27.7  11.35 1.1467    18.3    ---    ---    0.00   205    3     94.5   10 
11/08/23   2:00   20.4   20.5   20.4    92   19.1   8.0    NW   1.34  14.5    NW   20.4   21.7   21.7   20.1  1008.6  0.00   0.0     0     0.00      0     0.0  0.00   0.0   0.000   0.015   26.6    64   19.2   27.7  11.55 1.1469    17.8    ---    ---    0.03   195    3     89.9   10 
11/08/23   2:10   20.4   20.5   20.4    92   19.0   8.0   WNW   1.34  16.1     W   20.4   21.6   21.6   20.0  1008.6  0.00   0.0     0     0.00      0     0.0  0.00   0.0   0.000   0.014   26.6    64   19.2   27.7  11.55 1.1469    17.8    ---    ---    0.00   191    3     88.0   10 
11/08/23   2:20   20.4   20.4   20.4    92   19.1   9.7    NW   1.61  17.7    NW   20.4   21.7   21.7   20.1  1008.6  0.00   0.0     0     0.00      0     0.0  0.00   0.0   0.000   0.015   26.6    64   19.2   27.7  11.55 1.1468    17.8    ---    ---    0.00   187    3     86.2   10 
11/08/23   2:30   20.6   20.6   20.4    92   19.2   9.7    NW   1.61  14.5    NW   20.6   21.8   21.8   20.2  1008.5  0.00   0.0     0     0.00      0     0.0  0.00   0.0   0.000   0.015   26.6    64   19.2   27.7  11.55 1.1468    18.3    ---    ---    0.00   206    3     94.9   10 
11/08/23   2:40   20.6   20.6   20.6    92   19.2   8.0    NW   1.34  14.5    NW   20.6   21.8   21.8   20.2  1008.5  0.00   0.0     0     0.00      0     0.0  0.00   0.0   0.000   0.015   26.5    65   19.4   27.6  11.76 1.1469    18.3    ---    ---    0.00   210    3     96.8   10 
11/08/23   2:50   20.5   20.6   20.5    92   19.2   9.7    NW   1.61  17.7    NW   20.5   21.7   21.7   20.1  1008.5  0.00   0.0     0     0.00      0     0.0  0.00   0.0   0.000   0.015   26.5    65   19.4   27.6  11.76 1.1470    18.3    ---    ---    0.00   213    3     98.2   10 
11/08/23   3:00   20.4   20.5   20.4    93   19.3  12.9    NW   2.15  22.5   WNW   20.1   21.7   21.3   19.8  1008.5  0.00   0.0     0     0.00      0     0.0  0.00   0.0   0.000   0.015   26.4    65   19.3   27.4  11.76 1.1475    18.9    ---    ---    0.03   202    3     93.1   10 
11/08/23   3:10   20.3   20.4   20.3    92   18.9   9.7    NW   1.61  19.3   NNW   20.3   21.4   21.4   19.8  1008.5  0.00   0.0     0     0.00      0     0.0  0.00   0.0   0.000   0.014   26.3    65   19.2   27.3  11.76 1.1481    18.3    ---    ---    0.00   203    3     93.5   10 
11/08/23   3:20   20.2   20.3   20.2    93   19.0   9.7    NW   1.61  20.9   WNW   20.2   21.3   21.3   19.7  1008.6  0.00   0.0     0     0.00      0     0.0  0.00   0.0   0.000   0.013   26.2    65   19.1   27.2  11.77 1.1486    18.3    ---    ---    0.00   207    3     95.4   10 
11/08/23   3:30   20.2   20.2   20.1    92   18.8   9.7    NW   1.61  16.1   WNW   20.2   21.3   21.3   19.7  1008.6  0.00   0.0     0     0.00      0     0.0  0.00   0.0   0.000   0.013   26.1    64   18.8   26.9  11.57 1.1495    18.3    ---    ---    0.00   210    3     96.8   10 
11/08/23   3:40   20.2   20.2   20.1    92   18.8   9.7   WNW   1.61  19.3    NW   20.2   21.3   21.3   19.7  1008.6  0.00   0.0     0     0.00      0     0.0  0.00   0.0   0.000   0.013   26.1    64   18.8   26.9  11.57 1.1496    18.3    ---    ---    0.00   213    3     98.2   10 
11/08/23   3:50   20.3   20.3   20.2    92   18.9   6.4   WNW   1.07  14.5    NW   20.3   21.4   21.4   19.8  1008.7  0.00   0.0     0     0.00      0     0.0  0.00   0.0   0.000   0.014   26.1    64   18.8   26.9  11.57 1.1497    18.3    ---    ---    0.00   213    3     98.2   10 
11/08/23   4:00   20.3   20.3   20.2    92   18.9   6.4    NW   1.07  12.9    NW   20.3   21.4   21.4   19.8  1008.6  0.00   0.0     0     0.00      0     0.0  0.00   0.0   0.000   0.014   26.1    64   18.8   26.9  11.57 1.1495    18.9    ---    ---    0.03   217    3    100.0   10 
11/08/23   4:10   20.2   20.3   20.2    92   18.8   8.0   WNW   1.34  19.3    NW   20.2   21.3   21.3   19.7  1008.7  0.00   0.0     0     0.00      0     0.0  0.00   0.0   0.000   0.013   26.2    64   18.9   27.1  11.57 1.1490    18.3    ---    ---    0.00   217    3    100.0   10 
11/08/23   4:20   20.2   20.2   20.2    91   18.7   6.4   WNW   1.07  12.9   NNW   20.2   21.3   21.3   19.7  1008.7  0.00   0.0     0     0.00      0     0.0  0.00   0.0   0.000   0.013   26.2    63   18.6   27.1  11.37 1.1495    18.3    ---    ---    0.00   203    3     93.5   10 
11/08/23   4:30   20.2   20.2   20.2    91   18.7   8.0   WNW   1.34  14.5   WNW   20.2   21.3   21.3   19.7  1008.7  0.00   0.0     0     0.00      0     0.0  0.00   0.0   0.000   0.013   26.2    63   18.6   27.1  11.37 1.1495    18.3    ---    ---    0.00   206    3     94.9   10 
11/08/23   4:40   20.2   20.2   20.2    91   18.7   6.4   WNW   1.07  12.9   WNW   20.2   21.3   21.3   19.7  1008.8  0.00   0.0     0     0.00      0     0.0  0.00   0.0   0.000   0.013   26.1    63   18.5   26.9  11.37 1.1502    17.2    ---    ---    0.00   206    3     94.9   10 
11/08/23   4:50   20.2   20.3   20.2    90   18.5   4.8     W   0.80  11.3   WNW   20.2   21.3   21.3   19.7  1008.9  0.00   0.0     0     0.00      0     0.0  0.00   0.0   0.000   0.013   26.1    63   18.5   26.9  11.37 1.1503    17.2    ---    ---    0.00   210    3     96.8   10 
11/08/23   5:00   20.2   20.2   20.2    90   18.5   8.0   WNW   1.34  16.1   WNW   20.2   21.2   21.2   19.6  1008.8  0.00   0.0     0     0.00      0     0.0  0.00   0.0   0.000   0.013   26.0    62   18.2   26.7  11.17 1.1512    17.2    ---    ---    0.03   205    3     94.5   10 
11/08/23   5:10   20.2   20.2   20.1    89   18.3   8.0    NW   1.34  12.9   WNW   20.2   21.2   21.2   19.5  1008.7  0.00   0.0     0     0.00      0     0.0  0.00   0.0   0.000   0.013   25.9    62   18.0   26.5  11.18 1.1517    16.7    ---    ---    0.00   217    3    100.0   10 
11/08/23   5:20   20.2   20.3   20.2    89   18.3   6.4   WNW   1.07  12.9    NW   20.2   21.2   21.2   19.6  1008.8  0.00   0.0     0     0.00      0     0.0  0.00   0.0   0.000   0.013   26.0    62   18.2   26.7  11.17 1.1512    16.7    ---    ---    0.00   217    3    100.0   10 
11/08/23   5:30   20.2   20.2   20.2    89   18.3   6.4    NW   1.07  12.9   WNW   20.2   21.2   21.2   19.6  1008.8  0.00   0.0     0     0.00      0     0.0  0.00   0.0   0.000   0.013   26.0    62   18.2   26.7  11.17 1.1512    16.7    ---    ---    0.00   212    3     97.7   10 
11/08/23   5:40   20.1   20.2   20.1    88   18.1   8.0   WNW   1.34  16.1    NW   20.1   21.1   21.1   19.4  1008.7  0.00   0.0     0     0.00      0     0.0  0.00   0.0   0.000   0.012   26.0    62   18.2   26.7  11.17 1.1511    16.7    ---    ---    0.00   209    3     96.3   10 
11/08/23   5:50   20.1   20.1   20.1    88   18.1   4.8   NNW   0.80   9.7   WNW   20.1   21.1   21.1   19.4  1008.6  0.00   0.0     0     0.00      0     0.0  0.00   0.0   0.000   0.012   25.9    62   18.0   26.5  11.18 1.1515    16.7    ---    ---    0.00   205    3     94.5   10 
11/08/23   6:00   20.1   20.1   20.1    88   18.1   6.4    NW   1.07  11.3    NW   20.1   21.1   21.1   19.4  1008.6  0.00   0.0     0     0.00      0     0.0  0.00   0.0   0.000   0.012   26.0    62   18.2   26.7  11.17 1.1509    16.7    ---    ---    0.03   203    3     93.5   10 
11/08/23   6:10   20.1   20.1   20.1    88   18.0   4.8   NNW   0.80  12.9   NNW   20.1   21.0   21.0   19.4  1008.7  0.00   0.0     4     0.06      7     0.0  0.00   0.0   0.000   0.012   26.0    62   18.2   26.7  11.17 1.1510    16.7    ---    ---    0.00   203    3     93.5   10 
11/08/23   6:20   20.1   20.1   20.1    88   18.0   4.8    NW   0.80   8.0   NNW   20.1   21.0   21.0   19.5  1008.8  0.00   0.0    12     0.17     14     0.0  0.00   0.0   0.000   0.012   26.1    62   18.3   26.8  11.17 1.1506    16.1    ---    ---    0.00   200    3     92.2   10 
11/08/23   6:30   20.1   20.1   20.1    88   18.1   6.4   NNW   1.07  11.3     W   20.1   21.1   21.1   19.6  1008.8  0.00   0.0    18     0.26     21     0.0  0.00   0.0   0.000   0.012   26.1    61   18.0   26.7  10.97 1.1510    16.1    ---    ---    0.00   206    3     94.9   10 
11/08/23   6:40   20.2   20.2   20.1    88   18.1   3.2   NNW   0.54   9.7   WNW   20.2   21.1   21.1   20.8  1008.9  0.00   0.0    24     0.34     26     0.0  0.00   0.0   0.000   0.013   26.2    61   18.1   26.8  10.97 1.1505    16.7    ---    ---    0.00   210    3     96.8   10 
11/08/23   6:50   20.3   20.3   20.2    88   18.2   3.2   WNW   0.54   9.7   NNW   20.3   21.3   21.3   21.1  1008.9  0.00   0.0    29     0.42     32     0.0  0.00   0.0   0.000   0.014   26.2    61   18.1   26.8  10.97 1.1505    16.7    ---    ---    0.00   199    3     91.7   10 
11/08/23   7:00   20.4   20.4   20.3    88   18.3   3.2    NW   0.54   8.0    NW   20.4   21.4   21.4   22.3  1009.0  0.00   0.0    73     1.05    125     0.0  0.00   0.0   0.000   0.014   26.2    61   18.1   26.8  10.97 1.1506    16.7    ---    ---    0.03   195    3     89.9   10 
11/08/23   7:10   20.7   20.7   20.4    88   18.6   3.2    NW   0.54   9.7    NW   20.7   21.8   21.8   24.1  1009.0  0.00   0.0   146     2.09    158     0.3  0.02   0.5   0.000   0.016   26.2    61   18.1   26.8  10.97 1.1506    17.8    ---    ---    0.00   208    3     95.9   10 
11/08/23   7:20   20.9   20.9   20.7    87   18.6   8.0     N   1.34  16.1    NW   20.9   21.9   21.9   24.6  1008.9  0.00   0.0   165     2.37    169     0.6  0.04   0.6   0.000   0.018   26.2    61   18.1   26.8  10.97 1.1505    18.9    ---    ---    0.00   204    3     94.0   10 
11/08/23   7:30   21.1   21.1   20.8    87   18.9   4.8   WNW   0.80  12.9     W   21.1   22.2   22.2   25.1  1008.9  0.00   0.0   187     2.68    207     0.7  0.05   0.8   0.000   0.019   26.2    62   18.4   26.9  11.17 1.1501    19.4    ---    ---    0.00   210    3     96.8   10 
11/08/23   7:40   21.4   21.4   21.1    86   18.9   6.4   WNW   1.07  12.9    NW   21.4   22.4   22.4   26.2  1009.0  0.00   0.0   246     3.53    276     0.9  0.06   1.0   0.000   0.021   26.2    62   18.4   26.9  11.17 1.1502    20.0    ---    ---    0.00   211    3     97.2   10 
11/08/23   7:50   21.7   21.7   21.4    85   19.1   6.4     N   1.07  12.9     N   21.7   22.7   22.7   27.1  1009.0  0.00   0.0   293     4.20    309     1.1  0.08   1.1   0.000   0.024   26.2    62   18.4   26.9  11.17 1.1502    20.6    ---    ---    0.00   207    3     95.4   10 
11/08/23   8:00   22.0   22.0   21.7    84   19.2   6.4     N   1.07  12.9     N   22.0   22.9   22.9   27.7  1009.0  0.00   0.0   330     4.73    348     1.3  0.09   1.3   0.000   0.025   26.2    62   18.4   26.9  11.17 1.1502    21.1    ---    ---    0.15   208    3     95.9   10 
11/08/23   8:10   22.2   22.2   22.0    83   19.2   6.4     N   1.07  12.9   NNE   22.2   23.2   23.2   28.1  1009.0  0.00   0.0   365     5.23    383     1.5  0.11   1.6   0.000   0.027   26.1    62   18.3   26.8  11.17 1.1508    22.2    ---    ---    0.00   204    3     94.0   10 
11/08/23   8:20   22.6   22.6   22.2    81   19.1   6.4   NNE   1.07  12.9     N   22.6   23.5   23.5   28.7  1009.1  0.00   0.0   404     5.79    420     1.7  0.12   1.9   0.000   0.029   26.2    62   18.4   26.9  11.17 1.1503    23.3    ---    ---    0.00   205    3     94.5   10 
11/08/23   8:30   22.9   22.9   22.6    80   19.3   4.8   NNW   0.80   9.7   NNE   22.9   23.8   23.8   29.2  1009.1  0.00   0.0   435     6.24    452     2.0  0.14   2.1   0.000   0.032   26.2    62   18.4   26.9  11.17 1.1504    23.9    ---    ---    0.00   214    3     98.6   10 
11/08/23   8:40   23.1   23.1   22.9    78   19.0   4.8    NW   0.80  11.3    NW   23.1   23.9   23.9   29.5  1009.3  0.00   0.0   472     6.77    487     2.3  0.16   2.4   0.000   0.033   26.2    62   18.4   26.9  11.17 1.1505    25.0    ---    ---    0.00   211    3     97.2   10 
11/08/23   8:50   23.5   23.5   23.1    76   19.0   4.8   NNW   0.80   9.7   NNE   23.5   24.4   24.4   30.1  1009.3  0.00   0.0   506     7.25    524     2.6  0.19   2.8   0.000   0.036   26.2    61   18.1   26.8  10.97 1.1509    26.1    ---    ---    0.00   206    3     94.9   10 
11/08/23   9:00   23.9   23.9   23.5    74   19.0   4.8   NNE   0.80   9.7     N   23.9   24.8   24.8   30.7  1009.3  0.00   0.0   547     7.84    564     3.0  0.21   3.1   0.000   0.039   26.3    61   18.2   26.9  10.96 1.1507    27.8    ---    ---    0.28   205    3     94.5   10 
11/08/23   9:10   24.2   24.2   23.9    72   18.8   3.2   NNW   0.54   9.7    NW   24.2   25.0   25.0   30.9  1009.4  0.00   0.0   579     8.30    589     3.3  0.24   3.5   0.000   0.041   26.3    61   18.2   26.9  10.96 1.1507    28.9    ---    ---    0.00   208    3     95.9   10 
11/08/23   9:20   24.4   24.4   24.2    70   18.6   4.8     N   0.80   9.7     N   24.4   25.2   25.2   31.1  1009.5  0.00   0.0   611     8.76    621     3.7  0.26   3.9   0.000   0.042   26.4    61   18.3   27.1  10.96 1.1502    29.4    ---    ---    0.00   207    3     95.4   10 
11/08/23   9:30   24.9   24.9   24.4    68   18.6   3.2   SSE   0.54   9.7     N   24.9   25.7   25.7   31.7  1009.5  0.00   0.0   647     9.27    659     4.1  0.29   4.3   0.000   0.046   26.4    60   18.0   27.0  10.77 1.1506    31.1    ---    ---    0.00   206    3     94.9   10 
11/08/23   9:40   25.4   25.4   24.9    66   18.6   3.2   NNE   0.54  11.3     E   25.4   26.2   26.2   32.2  1009.5  0.00   0.0   675     9.68    689     4.5  0.32   4.8   0.000   0.049   26.4    60   18.0   27.0  10.77 1.1507    31.7    ---    ---    0.00   201    3     92.6   10 
11/08/23   9:50   25.6   25.7   25.4    63   18.0   4.8   NNE   0.80  11.3   NNE   25.6   26.2   26.2   32.3  1009.5  0.00   0.0   702    10.06    714     4.9  0.35   5.1   0.000   0.051   26.3    60   17.9   26.8  10.78 1.1513    33.3    ---    ---    0.00   203    3     93.5   10 
11/08/23  10:00   25.8   25.8   25.6    64   18.5   4.8     N   0.80  11.3   NNW   25.8   26.5   26.5   32.6  1009.5  0.00   0.0   726    10.41    737     5.4  0.39   5.6   0.000   0.052   26.4    59   17.7   26.9  10.57 1.1511    33.9    ---    ---    0.43   210    3     96.8   10 
11/08/23  10:10   26.1   26.1   25.7    64   18.7   4.8     N   0.80  11.3     N   26.1   26.9   26.9   33.0  1009.4  0.00   0.0   753    10.79    761     5.8  0.41   6.0   0.000   0.054   26.4    59   17.7   26.9  10.57 1.1510    35.0    ---    ---    0.00   209    3     96.3   10 
11/08/23  10:20   26.6   26.6   26.1    61   18.4   4.8     N   0.80  11.3   ENE   26.6   27.3   27.3   33.4  1009.3  0.00   0.0   774    11.10    789     6.2  0.44   6.5   0.000   0.057   26.4    59   17.7   26.9  10.57 1.1509    35.6    ---    ---    0.00   208    3     95.9   10 
11/08/23  10:30   26.8   26.8   26.6    62   18.9   4.8   NNW   0.80  12.9   NNW   26.8   27.8   27.8   34.1  1009.3  0.00   0.0   799    11.45    809     6.7  0.48   6.8   0.000   0.059   26.4    59   17.7   26.9  10.57 1.1509    36.7    ---    ---    0.00   207    3     95.4   10 
11/08/23  10:40   27.2   27.2   26.8    60   18.7   6.4   NNE   1.07  14.5     N   27.2   28.1   28.1   34.3  1009.3  0.00   0.0   822    11.78    833     6.5  0.46   7.1   0.000   0.061   26.4    59   17.7   26.9  10.57 1.1509    37.2    ---    ---    0.00   210    3     96.8   10 
11/08/23  10:50   27.3   27.3   27.1    59   18.6   6.4   NNE   1.07  16.1   NNE   27.3   28.3   28.3   34.4  1009.4  0.00   0.0   839    12.03    846     7.2  0.51   7.6   0.000   0.062   26.4    59   17.7   26.9  10.57 1.1509    37.8    ---    ---    0.00   201    3     92.6   10 
11/08/23  11:00   27.3   27.3   27.2    60   18.8   6.4   NNE   1.07  11.3     N   27.3   28.2   28.2   34.4  1009.3  0.00   0.0   856    12.27    865     7.8  0.56   8.0   0.000   0.062   26.5    59   17.8   27.1  10.56 1.1503    38.9    ---    ---    0.56   203    3     93.5   10 
11/08/23  11:10   27.9   27.9   27.3    58   18.9   8.0     N   1.34  16.1   NNW   27.9   29.0   29.0   35.3  1009.4  0.00   0.0   857    12.29    865     8.2  0.59   8.4   0.000   0.066   26.5    59   17.8   27.1  10.56 1.1504    40.0    ---    ---    0.00   211    3     97.2   10 
11/08/23  11:20   28.1   28.2   27.9    57   18.8   6.4   WSW   1.07  14.5   NNW   28.1   29.2   29.2   35.5  1009.2  0.00   0.0   864    12.39    872     8.5  0.61   8.6   0.000   0.068   26.5    59   17.8   27.1  10.56 1.1502    38.9    ---    ---    0.00   213    3     98.2   10 
11/08/23  11:30   28.1   28.1   27.8    57   18.7   6.4     N   1.07  12.9   WNW   28.1   29.1   29.1   35.3  1009.2  0.00   0.0   892    12.79    907     8.9  0.64   9.0   0.000   0.068   26.5    58   17.6   27.0  10.36 1.1506    40.0    ---    ---    0.00   208    3     95.9   10 
11/08/23  11:40   28.3   28.3   28.0    55   18.4   8.0   NNE   1.34  17.7     N   28.3   29.3   29.3   35.5  1009.0  0.00   0.0   913    13.09    925     9.2  0.66   9.3   0.000   0.069   26.5    58   17.6   27.0  10.36 1.1504    40.6    ---    ---    0.00   203    3     93.5   10 
11/08/23  11:50   28.8   28.8   28.3    54   18.5   6.4     N   1.07  16.1   NNW   28.8   29.9   29.9   36.0  1009.0  0.00   0.0   925    13.26    930     9.4  0.67   9.5   0.000   0.073   26.6    58   17.7   27.2  10.35 1.1498    42.8    ---    ---    0.00   200    3     92.2   10 
11/08/23  12:00   28.7   28.8   28.7    52   17.8   4.8    NE   0.80  16.1    NE   28.7   29.5   29.5   35.6  1009.0  0.00   0.0   934    13.39    937     9.6  0.69   9.7   0.000   0.072   26.6    57   17.4   27.1  10.15 1.1502    42.8    ---    ---    0.63   213    3     98.2   10 
11/08/23  12:10   28.9   28.9   28.7    51   17.7   6.4     N   1.07  16.1     N   28.9   29.7   29.7   35.6  1009.0  0.00   0.0   941    13.49    946     9.8  0.70   9.9   0.000   0.073   26.6    57   17.4   27.1  10.15 1.1502    42.8    ---    ---    0.00   203    3     93.5   10 
11/08/23  12:20   29.4   29.4   28.9    50   17.9   4.8   WNW   0.80  12.9     N   29.4   30.3   30.3   36.3  1009.0  0.00   0.0   946    13.56    951     9.9  0.71  10.0   0.000   0.077   26.7    56   17.2   27.2  10.05 1.1500    43.3    ---    ---    0.00   205    3     94.5   10 
11/08/23  12:30   29.6   29.6   29.4    49   17.8   8.0     N   1.34  16.1     N   29.6   30.4   30.4   36.3  1009.0  0.00   0.0   950    13.62    954    10.0  0.71  10.1   0.000   0.078   26.7    56   17.2   27.2  10.05 1.1500    43.9    ---    ---    0.00   206    3     94.9   10 
11/08/23  12:40   30.1   30.1   29.6    48   17.9   6.4   NNE   1.07  14.5    NW   30.1   31.0   31.0   36.9  1008.9  0.00   0.0   954    13.68    958    10.0  0.71  10.1   0.000   0.082   26.7    55   16.9   27.1   9.85 1.1503    45.0    ---    ---    0.00   213    3     98.2   10 
11/08/23  12:50   30.1   30.1   30.0    47   17.5   6.4     W   1.07  14.5    NW   30.1   30.8   30.8   36.6  1008.7  0.00   0.0   954    13.68    960    10.1  0.72  10.2   0.000   0.081   26.8    55   17.0   27.3   9.85 1.1495    44.4    ---    ---    0.00   207    3     95.4   10 
11/08/23  13:00   30.1   30.2   30.1    45   16.9   6.4   NNE   1.07  16.1   NNE   30.1   30.6   30.6   36.4  1008.7  0.00   0.0   950    13.62    954    10.0  0.71  10.1   0.000   0.082   26.8    54   16.7   27.2   9.75 1.1499    45.0    ---    ---    0.69   207    3     95.4   10 
11/08/23  13:10   30.4   30.4   30.1    46   17.5   4.8   NNW   0.80  12.9   NNW   30.4   31.1   31.1   36.9  1008.6  0.00   0.0   951    13.63    954    10.0  0.71  10.1   0.000   0.084   26.9    54   16.8   27.3   9.75 1.1493    45.0    ---    ---    0.00   195    3     89.9   10 
11/08/23  13:20   30.7   30.7   30.4    44   17.0   8.0    NW   1.34  17.7   NNE   30.7   31.2   31.2   37.0  1008.6  0.00   0.0   945    13.55    949     9.9  0.71   9.9   0.000   0.086   26.9    54   16.8   27.3   9.75 1.1492    46.1    ---    ---    0.00   199    3     91.7   10 
11/08/23  13:30   30.8   30.8   30.7    45   17.5   8.0   NNW   1.34  24.1    NW   30.8   31.6   31.6   37.4  1008.7  0.00   0.0   937    13.43    942     9.7  0.69   9.8   0.000   0.087   27.0    54   16.9   27.4   9.75 1.1490    45.0    ---    ---    0.00   203    3     93.5   10 
11/08/23  13:40   31.3   31.3   30.8    44   17.6   6.4    NW   1.07  16.1     N   31.3   32.1   32.1   37.9  1008.6  0.00   0.0   928    13.30    932     9.4  0.67   9.5   0.000   0.090   27.1    53   16.7   27.5   9.63 1.1487    46.1    ---    ---    0.00   206    3     94.9   10 
11/08/23  13:50   31.3   31.3   31.3    44   17.6   8.0    NW   1.34  16.1    NW   31.3   32.2   32.2   38.0  1008.5  0.00   0.0   920    13.19    925     9.2  0.66   9.3   0.000   0.090   27.1    53   16.7   27.5   9.63 1.1487    46.1    ---    ---    0.00   204    3     94.0   10 
11/08/23  14:00   31.4   31.4   31.3    44   17.7   8.0   NNE   1.34  16.1     N   31.4   32.2   32.2   38.1  1008.4  0.00   0.0   908    13.02    914     8.9  0.64   9.1   0.000   0.091   27.2    53   16.8   27.6   9.63 1.1480    46.1    ---    ---    0.71   211    3     97.2   10 
11/08/23  14:10   31.2   31.4   31.1    45   17.8   6.4   NNE   1.07  16.1   NNE   31.2   32.1   32.1   38.0  1008.4  0.00   0.0   894    12.82    900     8.6  0.61   8.8   0.000   0.089   27.2    53   16.8   27.6   9.63 1.1480    45.6    ---    ---    0.00   210    3     96.8   10 
11/08/23  14:20   31.4   31.4   31.1    44   17.7   8.0     N   1.34  17.7   NNE   31.4   32.3   32.3   38.2  1008.2  0.00   0.0   877    12.57    891     8.2  0.59   8.4   0.000   0.091   27.3    53   16.9   27.8   9.63 1.1472    45.6    ---    ---    0.00   211    3     97.2   10 
11/08/23  14:30   31.9   31.9   31.4    46   18.8   8.0   NNW   1.34  16.1   NNW   31.9   33.4   33.4   39.3  1008.2  0.00   0.0   861    12.34    870     7.8  0.56   8.0   0.000   0.094   27.4    54   17.3   28.0   9.75 1.1462    45.6    ---    ---    0.00   207    3     95.4   10 
11/08/23  14:40   31.8   31.9   31.7    45   18.4   9.7     N   1.61  20.9   NNW   31.8   33.0   33.0   38.9  1008.0  0.00   0.0   844    12.10    853     7.5  0.54   7.7   0.000   0.093   27.6    54   17.4   28.1   9.75 1.1454    46.1    ---    ---    0.00   212    3     97.7   10 
11/08/23  14:50   31.8   31.9   31.8    47   19.1  11.3     N   1.88  22.5   NNE   31.8   33.6   33.6   39.3  1008.0  0.00   0.0   825    11.83    833     7.1  0.51   7.2   0.000   0.094   27.7    54   17.5   28.3   9.75 1.1447    46.1    ---    ---    0.00   212    3     97.7   10 
11/08/23  15:00   31.5   31.8   31.5    50   19.8  11.3   NNE   1.88  19.3     N   31.5   33.6   33.6   39.4  1007.9  0.00   0.0   806    11.55    819     6.7  0.48   6.9   0.000   0.091   27.8    55   18.0   28.6   9.85 1.1434    44.4    ---    ---    0.66   202    3     93.1   10 
11/08/23  15:10   30.9   31.6   30.9    51   19.6  12.9   NNW   2.15  20.9    NW   30.9   32.8   32.8   38.3  1007.8  0.00   0.0   785    11.25    800     6.3  0.45   6.5   0.000   0.088   27.9    56   18.4   28.8  10.05 1.1422    42.8    ---    ---    0.00   189    3     87.1   10 
11/08/23  15:20   30.8   30.9   30.7    53   20.1  12.9   NNW   2.15  24.1   NNW   30.7   32.9   32.9   38.4  1007.6  0.00   0.0   763    10.94    768     5.9  0.42   6.1   0.000   0.086   28.1    56   18.5   29.0  10.05 1.1415    43.3    ---    ---    0.00   190    3     87.6   10 
11/08/23  15:30   31.1   31.1   30.8    52   20.0  11.3     N   1.88  20.9     N   31.1   33.2   33.2   38.9  1007.6  0.00   0.0   741    10.62    749     5.5  0.39   5.7   0.000   0.088   28.2    56   18.6   29.2  10.05 1.1408    43.3    ---    ---    0.00   211    3     97.2   10 
11/08/23  15:40   30.8   31.1   30.7    52   19.8  11.3     N   1.88  19.3     N   30.8   32.8   32.8   38.4  1007.6  0.00   0.0   713    10.22    728     5.1  0.36   5.3   0.000   0.086   28.3    56   18.7   29.3  10.05 1.1403    42.8    ---    ---    0.00   210    3     96.8   10 
11/08/23  15:50   30.8   30.9   30.8    52   19.8  12.9     N   2.15  25.7   NNE   30.8   32.8   32.8   38.2  1007.6  0.00   0.0   686     9.83    703     4.6  0.33   4.9   0.000   0.087   28.3    56   18.7   29.3  10.05 1.1402    42.8    ---    ---    0.00   209    3     96.3   10 
11/08/23  16:00   30.8   30.8   30.7    53   20.1  12.9     N   2.15  25.7   NNE   30.7   32.9   32.9   38.3  1007.5  0.00   0.0   657     9.42    671     4.2  0.30   4.4   0.000   0.086   28.3    56   18.7   29.3  10.05 1.1402    42.2    ---    ---    0.58   208    3     95.9   10 
11/08/23  16:10   30.8   30.9   30.8    52   19.8  11.3   NNW   1.88  20.9   NNW   30.8   32.8   32.8   38.4  1007.5  0.00   0.0   629     9.02    643     3.8  0.27   4.0   0.000   0.087   28.4    56   18.8   29.6  10.05 1.1395    41.1    ---    ---    0.00   210    3     96.8   10 
11/08/23  16:20   30.4   30.8   30.4    54   20.0  11.3   NNW   1.88  19.3     N   30.4   32.4   32.4   38.0  1007.4  0.00   0.0   597     8.56    612     3.4  0.24   3.6   0.000   0.084   28.4    56   18.8   29.6  10.05 1.1395    40.0    ---    ---    0.00   211    3     97.2   10 
11/08/23  16:30   30.4   30.4   30.3    55   20.4  12.9     N   2.15  24.1     N   30.4   32.7   32.7   38.1  1007.3  0.00   0.0   569     8.16    582     3.1  0.22   3.3   0.000   0.084   28.4    56   18.8   29.6  10.05 1.1393    40.6    ---    ---    0.00   214    3     98.6   10 
11/08/23  16:40   30.2   30.5   30.2    56   20.5  14.5     N   2.41  24.1   NNE   29.9   32.6   32.3   37.3  1007.3  0.00   0.0   534     7.65    550     2.7  0.19   2.9   0.000   0.083   28.5    57   19.2   29.8  10.22 1.1383    40.6    ---    ---    0.00   202    3     93.1   10 
11/08/23  16:50   30.3   30.4   30.2    55   20.2  14.5     N   2.41  24.1    NW   30.1   32.4   32.2   37.2  1007.2  0.00   0.0   501     7.18    515     2.4  0.17   2.5   0.000   0.083   28.5    57   19.2   29.8  10.22 1.1382    38.9    ---    ---    0.00   195    3     89.9   10 
11/08/23  17:00   30.4   30.4   30.3    55   20.4  12.9   NNW   2.15  22.5   NNW   30.4   32.7   32.7   37.8  1007.2  0.00   0.0   468     6.71    483     2.1  0.15   2.2   0.000   0.084   28.5    57   19.2   29.8  10.22 1.1382    38.9    ---    ---    0.48   202    3     93.1   10 
11/08/23  17:10   30.1   30.4   30.1    56   20.3  14.5     N   2.41  25.7   NNW   29.8   32.2   31.9   36.8  1007.1  0.00   0.0   436     6.25    450     1.8  0.13   1.9   0.000   0.081   28.6    57   19.3   30.0  10.22 1.1375    38.3    ---    ---    0.00   206    3     94.9   10 
11/08/23  17:20   30.1   30.1   30.0    56   20.3  12.9     N   2.15  22.5   NNE   29.9   32.2   32.1   37.1  1007.2  0.00   0.0   401     5.75    417     1.5  0.11   1.7   0.000   0.081   28.6    57   19.3   30.0  10.22 1.1376    37.8    ---    ---    0.00   209    3     96.3   10 
11/08/23  17:30   29.7   30.1   29.7    57   20.3  14.5     N   2.41  22.5   NNW   29.4   31.8   31.6   36.1  1007.2  0.00   0.0   364     5.22    381     1.3  0.09   1.4   0.000   0.079   28.6    57   19.3   30.0  10.22 1.1376    36.7    ---    ---    0.00   211    3     97.2   10 
11/08/23  17:40   29.4   29.7   29.4    57   20.0  12.9     N   2.15  22.5     N   29.3   31.4   31.3   35.8  1007.2  0.00   0.0   328     4.70    345     1.1  0.08   1.2   0.000   0.077   28.6    57   19.3   30.0  10.22 1.1376    36.1    ---    ---    0.00   208    3     95.9   10 
11/08/23  17:50   29.3   29.4   29.3    58   20.2  14.5   NNW   2.41  22.5   NNW   29.0   31.3   31.0   35.1  1007.1  0.00   0.0   294     4.21    309     0.9  0.06   1.0   0.000   0.076   28.7    57   19.4   30.2  10.22 1.1369    35.0    ---    ---    0.00   207    3     95.4   10 
11/08/23  18:00   28.8   29.3   28.8    59   20.0   8.0   NNW   1.34  16.1   WNW   28.8   30.6   30.6   34.7  1007.1  0.00   0.0   259     3.71    276     0.7  0.05   0.8   0.000   0.073   28.7    57   19.4   30.2  10.22 1.1369    34.4    ---    ---    0.33   196    3     90.3   10 
11/08/23  18:10   28.6   28.8   28.6    60   20.1   9.7   NNW   1.61  17.7   NNW   28.6   30.4   30.4   33.9  1007.2  0.00   0.0   224     3.21    239     0.6  0.04   0.7   0.000   0.071   28.7    57   19.4   30.2  10.22 1.1370    33.3    ---    ---    0.00   199    3     91.7   10 
11/08/23  18:20   28.6   28.6   28.5    60   20.0  11.3     N   1.88  20.9     N   28.6   30.3   30.3   33.2  1007.2  0.00   0.0   191     2.74    207     0.4  0.03   0.5   0.000   0.071   28.7    57   19.4   30.2  10.22 1.1371    33.3    ---    ---    0.00   193    3     88.9   10 
11/08/23  18:30   28.4   28.6   28.4    60   19.9  11.3     N   1.88  20.9   NNW   28.4   30.0   30.0   32.2  1007.1  0.00   0.0   154     2.21    171     0.0  0.00   0.0   0.000   0.070   28.7    57   19.4   30.2  10.22 1.1369    31.7    ---    ---    0.00   205    3     94.5   10 
11/08/23  18:40   27.9   28.4   27.9    62   20.0   9.7   NNW   1.61  17.7   NNW   27.9   29.6   29.6   29.4  1007.1  0.00   0.0   117     1.68    135     0.0  0.00   0.0   0.000   0.067   28.7    57   19.4   30.2  10.22 1.1369    30.6    ---    ---    0.00   210    3     96.8   10 
11/08/23  18:50   27.5   27.9   27.5    63   19.8  11.3     N   1.88  19.3     N   27.5   28.9   28.9   28.3  1007.3  0.00   0.0    81     1.16     95     0.0  0.00   0.0   0.000   0.064   28.6    57   19.3   30.0  10.22 1.1377    30.0    ---    ---    0.00   209    3     96.3   10 
11/08/23  19:00   27.1   27.5   27.1    65   19.9  12.9   NNW   2.15  20.9   NNW   26.8   28.4   28.2   27.3  1007.2  0.00   0.0    52     0.75     63     0.0  0.00   0.0   0.000   0.061   28.6    57   19.3   30.0  10.22 1.1376    28.9    ---    ---    0.15   211    3     97.2   10 
11/08/23  19:10   26.7   27.1   26.7    66   19.8   9.7     N   1.61  20.9     N   26.7   28.0   28.0   26.8  1007.3  0.00   0.0    27     0.39     39     0.0  0.00   0.0   0.000   0.058   28.4    58   19.3   29.8  10.35 1.1384    27.8    ---    ---    0.00   208    3     95.9   10 
11/08/23  19:20   26.2   26.6   26.2    68   19.8  11.3     N   1.88  20.9     N   26.2   27.5   27.5   26.1  1007.4  0.00   0.0    14     0.20     18     0.0  0.00   0.0   0.000   0.055   28.3    58   19.2   29.6  10.35 1.1391    27.2    ---    ---    0.00   208    3     95.9   10 
11/08/23  19:30   25.7   26.2   25.7    69   19.6  12.9     N   2.15  20.9   NNW   25.4   26.8   26.6   25.1  1007.3  0.00   0.0     6     0.09      9     0.0  0.00   0.0   0.000   0.051   28.2    58   19.1   29.4  10.35 1.1397    26.1    ---    ---    0.00   205    3     94.5   10 
11/08/23  19:40   25.3   25.7   25.3    71   19.7  14.5     N   2.41  22.5     N   24.7   26.4   25.8   24.3  1007.3  0.00   0.0     0     0.00      0     0.0  0.00   0.0   0.000   0.049   27.9    59   19.2   29.2  10.55 1.1404    25.6    ---    ---    0.00   197    3     90.8   10 
11/08/23  19:50   25.0   25.3   25.0    72   19.6  11.3   NNW   1.88  20.9   NNW   25.0   26.0   26.0   24.4  1007.4  0.00   0.0     0     0.00      0     0.0  0.00   0.0   0.000   0.046   27.8    59   19.1   29.0  10.55 1.1411    25.6    ---    ---    0.00   200    3     92.2   10 
11/08/23  20:00   24.8   25.0   24.8    73   19.6  12.9   NNW   2.15  22.5   NNW   24.5   25.8   25.6   24.1  1007.4  0.00   0.0     0     0.00      0     0.0  0.00   0.0   0.000   0.045   27.8    59   19.0   28.9  10.55 1.1414    25.0    ---    ---    0.08   214    3     98.6   10 
11/08/23  20:10   24.6   24.8   24.6    75   19.8  11.3   NNW   1.88  20.9   NNW   24.6   25.7   25.7   24.1  1007.5  0.00   0.0     0     0.00      0     0.0  0.00   0.0   0.000   0.043   27.7    60   19.2   28.8  10.75 1.1416    24.4    ---    ---    0.00   214    3     98.6   10 
11/08/23  20:20   24.3   24.5   24.3    76   19.8  11.3   NNW   1.88  24.1     N   24.3   25.3   25.3   23.8  1007.5  0.00   0.0     0     0.00      0     0.0  0.00   0.0   0.000   0.041   27.6    60   19.1   28.7  10.75 1.1422    24.4    ---    ---    0.00   216    3     99.5   10 
11/08/23  20:30   24.1   24.3   24.1    77   19.8  11.3   NNW   1.88  19.3   NNW   24.1   25.1   25.1   23.6  1007.5  0.00   0.0     0     0.00      0     0.0  0.00   0.0   0.000   0.040   27.4    61   19.3   28.6  10.95 1.1424    23.9    ---    ---    0.00   212    3     97.7   10 
11/08/23  20:40   23.9   24.1   23.9    77   19.7   8.0   NNW   1.34  19.3   NNE   23.9   25.0   25.0   23.4  1007.7  0.00   0.0     0     0.00      0     0.0  0.00   0.0   0.000   0.039   27.4    61   19.3   28.6  10.95 1.1426    23.9    ---    ---    0.00   214    3     98.6   10 
11/08/23  20:50   23.8   23.9   23.8    79   19.9   8.0   NNW   1.34  16.1    NW   23.8   24.9   24.9   23.3  1007.7  0.00   0.0     0     0.00      0     0.0  0.00   0.0   0.000   0.038   27.4    62   19.5   28.7  11.12 1.1422    23.3    ---    ---    0.00   202    3     93.1   10 
11/08/23  21:00   23.6   23.7   23.6    80   19.9   9.7   NNW   1.61  19.3   NNW   23.6   24.7   24.7   23.1  1007.9  0.00   0.0     0     0.00      0     0.0  0.00   0.0   0.000   0.036   27.3    62   19.4   28.6  11.13 1.1430    23.3    ---    ---    0.05   198    3     91.2   10 
11/08/23  21:10   23.5   23.6   23.4    81   20.0   9.7   NNW   1.61  20.9   NNW   23.5   24.6   24.6   23.1  1007.9  0.00   0.0     0     0.00      0     0.0  0.00   0.0   0.000   0.036   27.3    63   19.7   28.7  11.33 1.1426    22.8    ---    ---    0.00   216    3     99.5   10 
11/08/23  21:20   23.3   23.4   23.3    81   19.9   8.0   NNW   1.34  19.3     N   23.3   24.4   24.4   22.8  1007.8  0.00   0.0     0     0.00      0     0.0  0.00   0.0   0.000   0.035   27.2    63   19.6   28.5  11.33 1.1431    22.8    ---    ---    0.00   206    3     94.9   10 
11/08/23  21:30   23.2   23.3   23.2    82   20.0  12.9   NNW   2.15  20.9   NNW   22.9   24.3   24.0   22.5  1008.0  0.00   0.0     0     0.00      0     0.0  0.00   0.0   0.000   0.034   27.2    64   19.8   28.6  11.53 1.1429    22.8    ---    ---    0.00   193    3     88.9   10 
11/08/23  21:40   23.1   23.2   23.1    83   20.1  11.3   NNW   1.88  19.3    NW   23.1   24.2   24.2   22.6  1008.0  0.00   0.0     0     0.00      0     0.0  0.00   0.0   0.000   0.033   27.1    64   19.7   28.4  11.53 1.1435    22.2    ---    ---    0.00   204    3     94.0   10 
11/08/23  21:50   22.9   23.1   22.9    84   20.1   8.0   NNW   1.34  16.1    NW   22.9   24.0   24.0   22.4  1007.9  0.00   0.0     0     0.00      0     0.0  0.00   0.0   0.000   0.032   27.1    64   19.7   28.4  11.53 1.1434    22.2    ---    ---    0.00   212    3     97.7   10 
11/08/23  22:00   22.8   22.9   22.8    84   20.0   6.4   NNW   1.07  14.5     N   22.8   23.9   23.9   22.3  1007.9  0.00   0.0     0     0.00      0     0.0  0.00   0.0   0.000   0.031   27.1    64   19.7   28.4  11.53 1.1433    21.7    ---    ---    0.03   209    3     96.3   10 
11/08/23  22:10   22.8   22.8   22.8    85   20.1   8.0   NNW   1.34  14.5    NW   22.8   23.8   23.8   22.3  1007.7  0.00   0.0     0     0.00      0     0.0  0.00   0.0   0.000   0.031   27.1    65   20.0   28.6  11.73 1.1427    21.7    ---    ---    0.00   199    3     91.7   10 
11/08/23  22:20   22.7   22.8   22.7    86   20.2   6.4    NW   1.07  12.9   NNW   22.7   23.7   23.7   22.2  1007.7  0.00   0.0     0     0.00      0     0.0  0.00   0.0   0.000   0.030   27.1    65   20.0   28.6  11.73 1.1427    21.1    ---    ---    0.00   204    3     94.0   10 
11/08/23  22:30   22.6   22.7   22.6    86   20.1   8.0   NNW   1.34  19.3    NW   22.6   23.6   23.6   22.1  1007.7  0.00   0.0     0     0.00      0     0.0  0.00   0.0   0.000   0.029   27.1    65   20.0   28.6  11.73 1.1428    21.1    ---    ---    0.00   212    3     97.7   10 
11/08/23  22:40   22.5   22.6   22.5    87   20.2   8.0    NW   1.34  17.7   NNW   22.5   23.6   23.6   22.0  1007.5  0.00   0.0     0     0.00      0     0.0  0.00   0.0   0.000   0.029   27.1    65   20.0   28.6  11.73 1.1425    21.1    ---    ---    0.00   209    3     96.3   10 
11/08/23  22:50   22.3   22.4   22.3    87   20.1   9.7    NW   1.61  16.1    NW   22.3   23.4   23.4   21.8  1007.6  0.00   0.0     0     0.00      0     0.0  0.00   0.0   0.000   0.028   27.0    65   19.9   28.4  11.74 1.1432    21.1    ---    ---    0.00   212    3     97.7   10 
11/08/23  23:00   22.2   22.3   22.2    88   20.1   9.7    NW   1.61  19.3    NW   22.2   23.3   23.3   21.8  1007.5  0.00   0.0     0     0.00      0     0.0  0.00   0.0   0.000   0.027   27.0    66   20.1   28.5  11.94 1.1427    20.6    ---    ---    0.03   212    3     97.7   10 
11/08/23  23:10   22.2   22.3   22.2    88   20.1   9.7    NW   1.61  17.7     W   22.2   23.3   23.3   21.7  1007.6  0.00   0.0     0     0.00      0     0.0  0.00   0.0   0.000   0.027   27.0    66   20.1   28.5  11.94 1.1428    21.1    ---    ---    0.00   212    3     97.7   10 
11/08/23  23:20   22.1   22.2   22.1    89   20.2  11.3    NW   1.88  19.3    NW   22.1   23.2   23.2   21.7  1007.6  0.00   0.0     0     0.00      0     0.0  0.00   0.0   0.000   0.026   26.9    66   20.1   28.4  11.94 1.1431    21.7    ---    ---    0.00   203    3     93.5   10 
11/08/23  23:30   21.9   22.1   21.9    89   20.0   9.7   WNW   1.61  20.9    NW   21.9   23.1   23.1   21.5  1007.7  0.00   0.0     0     0.00      0     0.0  0.00   0.0   0.000   0.025   26.9    66   20.1   28.4  11.94 1.1432    21.1    ---    ---    0.00   205    3     94.5   10 
11/08/23  23:40   21.8   21.9   21.8    89   19.9   9.7    NW   1.61  19.3   WNW   21.8   22.9   22.9   21.4  1007.6  0.00   0.0     0     0.00      0     0.0  0.00   0.0   0.000   0.024   26.8    66   19.9   28.2  11.94 1.1437    20.6    ---    ---    0.00   208    3     95.9   10 
11/08/23  23:50   21.8   21.8   21.8    89   19.9   9.7   WNW   1.61  17.7   WNW   21.8   22.9   22.9   21.3  1007.5  0.00   0.0     0     0.00      0     0.0  0.00   0.0   0.000   0.024   26.8    66   19.9   28.2  11.94 1.1436    20.6    ---    ---    0.00   210    3     96.8   10 
12/08/23  00:00   21.7   21.8   21.7    90   20.0  11.3    NW   1.88  19.3   NNW   21.7   22.9   22.9   21.3  1007.4  0.00   0.0     0     0.00      0     0.0  0.00   0.0   0.000   0.024   26.8    66   19.9   28.2  11.94 1.1434    20.6    ---    ---    0.03   212    3     97.7   10 
12/08/23   0:10   21.7   21.7   21.7    90   20.0  11.3   NNW   1.88  20.9   WNW   21.7   22.8   22.8   21.3  1007.3  0.00   0.0     0     0.00      0     0.0  0.00   0.0   0.000   0.023   26.8    66   19.9   28.2  11.94 1.1433    20.0    ---    ---    0.00   207    3     95.4   10 
12/08/23   0:20   21.6   21.7   21.6    90   19.9  11.3   NNW   1.88  22.5     N   21.6   22.8   22.8   21.2  1007.0  0.00   0.0     0     0.00      0     0.0  0.00   0.0   0.000   0.023   26.7    66   19.8   28.1  11.95 1.1436    20.0    ---    ---    0.00   216    3     99.5   10 
12/08/23   0:30   21.5   21.6   21.5    90   19.8   9.7   NNW   1.61  22.5     N   21.5   22.7   22.7   21.1  1007.3  0.00   0.0     0     0.00      0     0.0  0.00   0.0   0.000   0.022   26.7    66   19.8   28.1  11.95 1.1439    20.0    ---    ---    0.00   212    3     97.7   10 
12/08/23   0:40   21.4   21.5   21.4    90   19.7   9.7   WNW   1.61  20.9   WNW   21.4   22.6   22.6   21.1  1007.4  0.00   0.0     0     0.00      0     0.0  0.00   0.0   0.000   0.022   26.7    66   19.8   28.1  11.95 1.1440    19.4    ---    ---    0.00   210    3     96.8   10 
12/08/23   0:50   21.4   21.4   21.4    90   19.7   9.7    NW   1.61  17.7    NW   21.4   22.6   22.6   21.1  1007.3  0.00   0.0     0     0.00      0     0.0  0.00   0.0   0.000   0.022   26.7    66   19.8   28.1  11.95 1.1439    20.0    ---    ---    0.00   206    3     94.9   10 
12/08/23   1:00   21.4   21.5   21.4    90   19.7  11.3    NW   1.88  17.7    NW   21.4   22.6   22.6   21.1  1007.3  0.00   0.0     0     0.00      0     0.0  0.00   0.0   0.000   0.022   26.7    66   19.8   28.1  11.95 1.1439    20.0    ---    ---    0.03   207    3     95.4   10 
12/08/23   1:10   21.3   21.4   21.3    90   19.6  11.3   WNW   1.88  19.3    NW   21.3   22.5   22.5   20.9  1007.0  0.00   0.0     0     0.00      0     0.0  0.00   0.0   0.000   0.021   26.6    66   19.7   27.9  11.95 1.1443    19.4    ---    ---    0.00   210    3     96.8   10 
12/08/23   1:20   21.3   21.3   21.3    90   19.6   8.0   WNW   1.34  14.5   WNW   21.3   22.4   22.4   20.9  1007.0  0.00   0.0     0     0.00      0     0.0  0.00   0.0   0.000   0.020   26.5    66   19.6   27.7  11.96 1.1448    19.4    ---    ---    0.00   221    3    100.0   10 
12/08/23   1:30   21.2   21.3   21.2    90   19.5   9.7    NW   1.61  19.3    NW   21.2   22.4   22.4   20.8  1006.8  0.00   0.0     0     0.00      0     0.0  0.00   0.0   0.000   0.020   26.5    66   19.6   27.7  11.96 1.1446    19.4    ---    ---    0.00   215    3     99.1   10 
12/08/23   1:40   21.2   21.2   21.2    90   19.5   9.7    NW   1.61  16.1   WNW   21.2   22.3   22.3   20.8  1006.7  0.00   0.0     0     0.00      0     0.0  0.00   0.0   0.000   0.020   26.5    66   19.6   27.7  11.96 1.1444    18.9    ---    ---    0.00   215    3     99.1   10 
12/08/23   1:50   21.2   21.2   21.2    91   19.6   6.4     W   1.07  14.5   WNW   21.2   22.4   22.4   20.8  1006.9  0.00   0.0     0     0.00      0     0.0  0.00   0.0   0.000   0.020   26.5    66   19.6   27.7  11.96 1.1447    18.9    ---    ---    0.00   214    3     98.6   10 
12/08/23   2:00   21.2   21.2   21.1    91   19.6   8.0    NW   1.34  17.7    NW   21.2   22.4   22.4   20.8  1006.8  0.00   0.0     0     0.00      0     0.0  0.00   0.0   0.000   0.020   26.6    65   19.5   27.8  11.75 1.1444    18.9    ---    ---    0.03   211    3     97.2   10 
12/08/23   2:10   21.1   21.2   21.1    91   19.6   4.8   WNW   0.80  12.9   NNW   21.1   22.3   22.3   20.8  1006.8  0.00   0.0     0     0.00      0     0.0  0.00   0.0   0.000   0.019   26.7    65   19.6   27.9  11.75 1.1438    18.9    ---    ---    0.00   212    3     97.7   10 
12/08/23   2:20   21.1   21.1   21.1    91   19.6   6.4    NW   1.07  12.9   NNW   21.1   22.3   22.3   20.8  1006.8  0.00   0.0     0     0.00      0     0.0  0.00   0.0   0.000   0.019   26.7    65   19.6   27.9  11.75 1.1438    18.9    ---    ---    0.00   211    3     97.2   10 
12/08/23   2:30   21.1   21.1   21.1    91   19.5   4.8   NNW   0.80   9.7     N   21.1   22.3   22.3   20.7  1006.7  0.00   0.0     0     0.00      0     0.0  0.00   0.0   0.000   0.019   26.7    65   19.6   27.9  11.75 1.1437    18.9    ---    ---    0.00   212    3     97.7   10 
12/08/23   2:40   21.1   21.1   21.1    91   19.6   8.0   NNW   1.34  12.9   NNW   21.1   22.3   22.3   20.8  1006.8  0.00   0.0     0     0.00      0     0.0  0.00   0.0   0.000   0.019   26.7    65   19.6   27.9  11.75 1.1438    18.9    ---    ---    0.00   219    3    100.0   10 
12/08/23   2:50   21.1   21.1   21.1    91   19.5   6.4    NW   1.07  12.9     N   21.1   22.3   22.3   20.7  1006.7  0.00   0.0     0     0.00      0     0.0  0.00   0.0   0.000   0.019   26.7    64   19.3   27.8  11.55 1.1441    18.3    ---    ---    0.00   213    3     98.2   10 
12/08/23   3:00   21.0   21.1   21.0    91   19.5   8.0   NNW   1.34  14.5     N   21.0   22.2   22.2   20.7  1006.8  0.00   0.0     0     0.00      0     0.0  0.00   0.0   0.000   0.019   26.7    64   19.3   27.8  11.55 1.1442    18.3    ---    ---    0.03   213    3     98.2   10 
12/08/23   3:10   21.0   21.0   21.0    91   19.5   8.0   NNW   1.34  12.9   NNW   21.0   22.2   22.2   20.7  1006.5  0.00   0.0     0     0.00      0     0.0  0.00   0.0   0.000   0.019   26.6    64   19.2   27.7  11.55 1.1445    18.3    ---    ---    0.00   211    3     97.2   10 
12/08/23   3:20   21.0   21.0   21.0    91   19.5   6.4   NNW   1.07  11.3   NNE   21.0   22.2   22.2   20.7  1006.6  0.00   0.0     0     0.00      0     0.0  0.00   0.0   0.000   0.019   26.6    64   19.2   27.7  11.55 1.1445    18.3    ---    ---    0.00   213    3     98.2   10 
12/08/23   3:30   21.0   21.0   20.9    91   19.5   8.0   NNW   1.34  14.5   NNE   21.0   22.2   22.2   20.7  1006.5  0.00   0.0     0     0.00      0     0.0  0.00   0.0   0.000   0.019   26.6    64   19.2   27.7  11.55 1.1445    18.3    ---    ---    0.00   210    3     96.8   10 
12/08/23   3:40   21.0   21.0   20.9    91   19.5   8.0    NW   1.34  16.1   NNW   21.0   22.2   22.2   20.7  1006.6  0.00   0.0     0     0.00      0     0.0  0.00   0.0   0.000   0.019   26.6    64   19.2   27.7  11.55 1.1445    18.3    ---    ---    0.00   212    3     97.7   10 
12/08/23   3:50   20.9   21.0   20.9    91   19.4   8.0    NW   1.34  14.5     N   20.9   22.2   22.2   20.6  1006.6  0.00   0.0     0     0.00      0     0.0  0.00   0.0   0.000   0.018   26.6    64   19.2   27.7  11.55 1.1446    18.3    ---    ---    0.00   212    3     97.7   10 
12/08/23   4:00   21.0   21.0   20.9    91   19.5   4.8   WNW   0.80  12.9    NW   21.0   22.2   22.2   20.7  1006.7  0.00   0.0     0     0.00      0     0.0  0.00   0.0   0.000   0.019   26.6    64   19.2   27.7  11.55 1.1447    18.3    ---    ---    0.00   217    3    100.0   10 
12/08/23   4:10   21.0   21.0   20.9    91   19.5   6.4   NNW   1.07  12.9     N   21.0   22.2   22.2   20.7  1006.7  0.00   0.0     0     0.00      0     0.0  0.00   0.0   0.000   0.019   26.5    65   19.4   27.6  11.76 1.1449    17.8    ---    ---    0.03   215    3     99.1   10 
12/08/23   4:20   21.0   21.0   20.9    91   19.5   3.2   NNW   0.54  11.3    NE   21.0   22.2   22.2   20.7  1006.8  0.00   0.0     0     0.00      0     0.0  0.00   0.0   0.000   0.019   26.6    65   19.5   27.8  11.75 1.1443    17.8    ---    ---    0.00   212    3     97.7   10 
12/08/23   4:30   20.9   20.9   20.9    90   19.2   6.4   NNW   1.07  11.3   NNW   20.9   22.1   22.1   20.5  1006.6  0.00   0.0     0     0.00      0     0.0  0.00   0.0   0.000   0.018   26.6    64   19.2   27.7  11.55 1.1446    17.8    ---    ---    0.00   215    3     99.1   10 
12/08/23   4:40   20.9   20.9   20.9    91   19.4   3.2    NW   0.54   9.7   NNW   20.9   22.2   22.2   20.6  1006.6  0.00   0.0     0     0.00      0     0.0  0.00   0.0   0.000   0.018   26.6    64   19.2   27.7  11.55 1.1446    17.8    ---    ---    0.00   212    3     97.7   10 
12/08/23   4:50   20.9   20.9   20.9    91   19.4   4.8    NW   0.80  11.3   NNW   20.9   22.1   22.1   20.5  1006.6  0.00   0.0     0     0.00      0     0.0  0.00   0.0   0.000   0.018   26.6    64   19.2   27.7  11.55 1.1446    17.8    ---    ---    0.00   214    3     98.6   10 
12/08/23   5:00   20.9   20.9   20.9    91   19.4   4.8   NNW   0.80  11.3    NW   20.9   22.2   22.2   20.6  1006.5  0.00   0.0     0     0.00      0     0.0  0.00   0.0   0.000   0.018   26.6    64   19.2   27.7  11.55 1.1445    17.8    ---    ---    0.03   213    3     98.2   10 
12/08/23   5:10   20.9   21.0   20.9    91   19.4   3.2   NNW   0.54   9.7     N   20.9   22.2   22.2   20.6  1006.6  0.00   0.0     0     0.00      0     0.0  0.00   0.0   0.000   0.018   26.6    64   19.2   27.7  11.55 1.1446    17.8    ---    ---    0.00   214    3     98.6   10 
12/08/23   5:20   20.9   21.0   20.9    91   19.4   1.6     N   0.27   8.0     N   20.9   22.2   22.2   20.6  1006.6  0.00   0.0     0     0.00      0     0.0  0.00   0.0   0.000   0.018   26.6    64   19.2   27.7  11.55 1.1446    17.2    ---    ---    0.00   213    3     98.2   10 
12/08/23   5:30   20.8   20.9   20.8    91   19.3   1.6     N   0.27   6.4     N   20.8   22.1   22.1   20.4  1006.7  0.00   0.0     0     0.00      0     0.0  0.00   0.0   0.000   0.017   26.6    64   19.2   27.7  11.55 1.1447    17.2    ---    ---    0.00   211    3     97.2   10 
12/08/23   5:40   20.7   20.8   20.7    91   19.2   3.2   NNW   0.54   6.4   NNW   20.7   21.9   21.9   20.3  1006.5  0.00   0.0     0     0.00      0     0.0  0.00   0.0   0.000   0.017   26.7    64   19.3   27.8  11.55 1.1439    17.2    ---    ---    0.00   212    3     97.7   10 
12/08/23   5:50   20.7   20.7   20.7    91   19.2   3.2   NNW   0.54   8.0    NW   20.7   21.9   21.9   20.3  1006.6  0.00   0.0     0     0.00      0     0.0  0.00   0.0   0.000   0.017   26.6    64   19.2   27.7  11.55 1.1446    17.2    ---    ---    0.00   211    3     97.2   10 
12/08/23   6:00   20.7   20.8   20.7    91   19.2   4.8   NNW   0.80   9.7   NNE   20.7   21.9   21.9   20.3  1006.7  0.00   0.0     0     0.00      0     0.0  0.00   0.0   0.000   0.017   26.6    64   19.2   27.7  11.55 1.1447    17.2    ---    ---    0.00   212    3     97.7   10 
12/08/23   6:10   20.8   20.8   20.7    91   19.3   4.8   NNW   0.80   9.7   NNW   20.8   22.1   22.1   20.5  1006.8  0.00   0.0     3     0.04      7     0.0  0.00   0.0   0.000   0.017   26.6    64   19.2   27.7  11.55 1.1448    17.8    ---    ---    0.00   218    3    100.0   10 
12/08/23   6:20   20.8   20.8   20.8    91   19.3   4.8   NNW   0.80   8.0   NNW   20.8   22.0   22.0   20.6  1006.8  0.00   0.0    12     0.17     16     0.0  0.00   0.0   0.000   0.017   26.6    64   19.2   27.7  11.55 1.1448    17.8    ---    ---    0.00   213    3     98.2   10 
12/08/23   6:30   20.8   20.8   20.8    91   19.3   4.8     N   0.80  12.9   NNW   20.8   22.1   22.1   20.7  1006.5  0.00   0.0    21     0.30     25     0.0  0.00   0.0   0.000   0.017   26.6    64   19.2   27.7  11.55 1.1444    17.2    ---    ---    0.00   214    3     98.6   10 
12/08/23   6:40   20.8   20.8   20.8    92   19.5   3.2   WNW   0.54   9.7     N   20.8   22.1   22.1   22.0  1006.7  0.00   0.0    29     0.42     32     0.0  0.00   0.0   0.000   0.017   26.5    65   19.4   27.6  11.76 1.1449    17.8    ---    ---    0.00   209    3     96.3   10 
12/08/23   6:50   20.9   20.9   20.8    92   19.5   6.4   NNW   1.07  12.9   NNW   20.9   22.2   22.2   22.2  1006.7  0.00   0.0    37     0.53     42     0.0  0.00   0.0   0.000   0.018   26.5    65   19.4   27.6  11.76 1.1449    17.8    ---    ---    0.00   212    3     97.7   10 
12/08/23   7:00   21.0   21.0   20.9    92   19.6   4.8    NW   0.80  11.3   NNW   21.0   22.3   22.3   23.1  1006.7  0.00   0.0    67     0.96    104     0.0  0.00   0.0   0.000   0.019   26.5    65   19.4   27.6  11.76 1.1449    18.3    ---    ---    0.03   214    3     98.6   10 
12/08/23   7:10   21.2   21.2   21.0    92   19.8   6.4    NW   1.07  11.3    NW   21.2   22.4   22.4   24.3  1006.7  0.00   0.0   120     1.72    132     0.1  0.01   0.5   0.000   0.020   26.5    65   19.4   27.6  11.76 1.1449    18.9    ---    ---    0.00   213    3     98.2   10 
12/08/23   7:20   21.3   21.3   21.2    92   19.9   6.4   NNW   1.07  12.9     N   21.3   22.6   22.6   24.7  1006.9  0.00   0.0   140     2.01    148     0.5  0.04   0.6   0.000   0.020   26.5    65   19.4   27.6  11.76 1.1451    19.4    ---    ---    0.00   211    3     97.2   10 
12/08/23   7:30   21.4   21.4   21.3    91   19.9   8.0   NNW   1.34  17.7     N   21.4   22.6   22.6   25.2  1006.8  0.00   0.0   164     2.35    183     0.7  0.05   0.7   0.000   0.021   26.4    65   19.3   27.4  11.76 1.1456    20.0    ---    ---    0.00   215    3     99.1   10 
12/08/23   7:40   21.6   21.6   21.4    91   20.1   6.4    NW   1.07  11.3   NNW   21.6   22.8   22.8   26.1  1006.9  0.00   0.0   207     2.97    225     0.8  0.06   0.9   0.000   0.023   26.3    66   19.4   27.4  11.96 1.1459    20.6    ---    ---    0.00   212    3     97.7   10 
12/08/23   7:50   21.8   21.8   21.6    91   20.2   6.4    NW   1.07  11.3   NNW   21.8   23.0   23.0   26.8  1006.7  0.00   0.0   246     3.53    264     1.0  0.07   1.1   0.000   0.024   26.3    66   19.4   27.4  11.96 1.1456    21.1    ---    ---    0.00   209    3     96.3   10 
12/08/23   8:00   22.0   22.0   21.8    90   20.3   6.4     N   1.07  14.5   NNW   22.0   23.2   23.2   27.4  1006.7  0.00   0.0   287     4.11    304     1.2  0.09   1.3   0.000   0.025   26.3    66   19.4   27.4  11.96 1.1457    21.7    ---    ---    0.13   202    3     93.1   10 
12/08/23   8:10   22.4   22.4   22.0    89   20.5   8.0    NW   1.34  14.5     N   22.4   23.5   23.5   28.1  1006.6  0.00   0.0   327     4.69    345     1.4  0.10   1.5   0.000   0.028   26.3    66   19.4   27.4  11.96 1.1455    22.2    ---    ---    0.00   201    3     92.6   10 
12/08/23   8:20   22.8   22.8   22.4    88   20.7   6.4     N   1.07  12.9     N   22.8   23.9   23.9   28.9  1006.5  0.00   0.0   368     5.28    387     1.6  0.11   1.7   0.000   0.031   26.3    66   19.4   27.4  11.96 1.1455    22.8    ---    ---    0.00   200    3     92.2   10 
12/08/23   8:30   23.3   23.3   22.8    85   20.6   6.4     N   1.07  11.3   NNW   23.3   24.4   24.4   29.7  1006.5  0.00   0.0   408     5.85    424     1.9  0.14   2.0   0.000   0.034   26.3    66   19.4   27.4  11.96 1.1455    23.9    ---    ---    0.00   200    3     92.2   10 
12/08/23   8:40   23.8   23.8   23.3    83   20.7   3.2   NNW   0.54   8.0   NNW   23.8   25.1   25.1   30.5  1006.5  0.00   0.0   443     6.35    462     2.2  0.16   2.3   0.000   0.038   26.4    65   19.3   27.4  11.76 1.1452    25.6    ---    ---    0.00   208    3     95.9   10 
12/08/23   8:50   24.4   24.4   23.8    80   20.7   6.4     N   1.07  11.3     N   24.4   25.7   25.7   31.3  1006.5  0.00   0.0   480     6.88    494     2.5  0.18   2.6   0.000   0.042   26.4    65   19.3   27.4  11.76 1.1453    26.7    ---    ---    0.00   207    3     95.4   10 
12/08/23   9:00   24.9   24.9   24.4    76   20.4   6.4     N   1.07  11.3   NNW   24.9   26.2   26.2   31.9  1006.5  0.00   0.0   513     7.35    527     2.8  0.20   3.0   0.000   0.046   26.5    64   19.1   27.6  11.56 1.1451    27.8    ---    ---    0.28   209    3     96.3   10 
12/08/23   9:10   25.6   25.6   24.9    73   20.4   4.8   NNW   0.80   9.7     N   25.6   27.0   27.0   32.8  1006.5  0.00   0.0   545     7.81    559     2.9  0.21   3.3   0.000   0.051   26.5    64   19.1   27.6  11.56 1.1450    29.4    ---    ---    0.00   203    3     93.5   10 
12/08/23   9:20   26.3   26.3   25.7    71   20.6   4.8     N   0.80  11.3     N   26.3   27.9   27.9   33.8  1006.5  0.00   0.0   576     8.26    589     3.5  0.25   3.7   0.000   0.055   26.6    64   19.2   27.7  11.55 1.1444    31.1    ---    ---    0.00   205    3     94.5   10 
12/08/23   9:30   26.9   26.9   26.3    68   20.5   3.2   NNW   0.54   6.4   NNE   26.9   28.7   28.7   34.7  1006.5  0.00   0.0   607     8.70    622     3.9  0.28   4.1   0.000   0.060   26.6    64   19.2   27.7  11.55 1.1444    32.2    ---    ---    0.00   203    3     93.5   10 
12/08/23   9:40   27.4   27.4   26.9    66   20.5   4.8   NNE   0.80   8.0   NNW   27.4   29.2   29.2   35.3  1006.4  0.00   0.0   640     9.17    652     4.3  0.31   4.5   0.000   0.063   26.7    64   19.3   27.8  11.55 1.1438    32.8    ---    ---    0.00   213    3     98.2   10 
12/08/23   9:50   28.0   28.0   27.4    65   20.8   3.2    NW   0.54   8.0   NNE   28.0   30.1   30.1   36.2  1006.4  0.00   0.0   666     9.55    680     4.7  0.34   4.9   0.000   0.067   26.7    63   19.1   27.7  11.35 1.1441    34.4    ---    ---    0.00   206    3     94.9   10 
12/08/23  10:00   28.6   28.6   28.0    63   20.9   4.8   NNW   0.80   9.7     N   28.6   30.9   30.9   37.1  1006.3  0.00   0.0   698    10.01    710     5.1  0.36   5.3   0.000   0.071   26.8    63   19.2   27.9  11.34 1.1434    35.6    ---    ---    0.43   201    3     92.6   10 
12/08/23  10:10   28.9   28.9   28.6    60   20.3   4.8   NNW   0.80   9.7   NNW   28.9   30.8   30.8   37.1  1006.2  0.00   0.0   721    10.34    731     5.6  0.40   5.8   0.000   0.073   26.9    63   19.3   28.1  11.34 1.1428    36.1    ---    ---    0.00   206    3     94.9   10 
12/08/23  10:20   29.3   29.3   28.9    58   20.2   4.8     N   0.80   9.7     N   29.3   31.3   31.3   37.6  1006.2  0.00   0.0   746    10.69    758     6.0  0.43   6.2   0.000   0.076   27.0    63   19.4   28.2  11.34 1.1424    37.2    ---    ---    0.00   199    3     91.7   10 
12/08/23  10:30   29.8   29.8   29.3    56   20.1   3.2   NNE   0.54   8.0   NNE   29.8   31.8   31.8   38.1  1006.1  0.00   0.0   771    11.05    784     6.4  0.46   6.6   0.000   0.079   27.0    62   19.1   28.1  11.14 1.1427    38.3    ---    ---    0.00   200    3     92.2   10 
12/08/23  10:40   30.3   30.3   29.8    50   18.7   1.6    NE   0.27   6.4    NE   30.3   31.6   31.6   37.8  1005.9  0.00   0.0   795    11.40    805     6.8  0.49   7.0   0.000   0.083   27.1    61   18.9   28.1  10.95 1.1423    38.9    ---    ---    0.00   207    3     95.4   10 
12/08/23  10:50   31.1   31.1   30.3    48   18.8   3.2    NE   0.54   6.4    NE   31.1   32.6   32.6   38.8  1005.8  0.00   0.0   816    11.70    828     7.2  0.51   7.4   0.000   0.089   27.1    61   18.9   28.1  10.95 1.1422    40.0    ---    ---    0.00   202    3     93.1   10 
12/08/23  11:00   31.8   31.8   31.1    45   18.4   1.6    NE   0.27   8.0   ESE   31.8   33.0   33.0   39.3  1005.6  0.00   0.0   833    11.94    838     7.6  0.54   7.7   0.000   0.093   27.2    60   18.8   28.2  10.75 1.1418    41.1    ---    ---    0.56   200    3     92.2   10 
12/08/23  11:10   32.4   32.4   31.8    44   18.6   3.2    NE   0.54   6.4    NE   32.4   33.9   33.9   40.2  1005.5  0.00   0.0   823    11.80    837     7.9  0.56   8.0   0.000   0.098   27.2    59   18.5   28.1  10.55 1.1421    41.7    ---    ---    0.00   209    3     96.3   10 
12/08/23  11:20   33.1   33.1   32.4    37   16.4   1.6   ESE   0.27   8.0   ESE   33.1   33.4   33.4   39.7  1005.4  0.00   0.0   839    12.03    861     8.2  0.59   8.4   0.000   0.102   27.3    58   18.3   28.2  10.35 1.1418    42.2    ---    ---    0.00   216    3     99.5   10 
12/08/23  11:30   33.6   33.6   33.1    32   14.6   4.8   ESE   0.80  19.3   ESE   33.6   33.3   33.3   39.3  1005.4  0.00   0.0   882    12.64    896     8.6  0.61   8.7   0.000   0.106   27.3    58   18.3   28.2  10.35 1.1418    43.3    ---    ---    0.00   211    3     97.2   10 
12/08/23  11:40   34.3   34.3   33.6    30   14.2   4.8   ESE   0.80  14.5   ESE   34.3   33.8   33.8   39.8  1005.4  0.00   0.0   900    12.90    905     8.8  0.63   8.9   0.000   0.111   27.3    55   17.5   27.9   9.85 1.1430    43.3    ---    ---    0.00   213    3     98.2   10 
12/08/23  11:50   34.5   34.5   34.3    29   13.9   3.2   ESE   0.54  14.5   ESE   34.5   33.9   33.9   39.8  1005.5  0.00   0.0   910    13.05    912     9.0  0.64   9.1   0.000   0.112   27.4    54   17.3   28.0   9.75 1.1430    44.4    ---    ---    0.00   211    3     97.2   10 
12/08/23  12:00   34.6   34.6   34.4    27   12.8   3.2   ESE   0.54  14.5   ESE   34.6   33.7   33.7   39.6  1005.5  0.00   0.0   917    13.15    921     9.2  0.66   9.3   0.000   0.113   27.4    53   17.0   27.9   9.62 1.1434    44.4    ---    ---    0.66   211    3     97.2   10 
12/08/23  12:10   34.9   34.9   34.6    28   13.7   4.8   ESE   0.80  12.9   ESE   34.9   34.3   34.3   40.2  1005.6  0.00   0.0   925    13.26    928     9.3  0.66   9.4   0.000   0.115   27.4    52   16.7   27.8   9.42 1.1440    45.0    ---    ---    0.00   202    3     93.1   10 
12/08/23  12:20   35.2   35.2   34.9    29   14.5   3.2    SE   0.54  12.9   ESE   35.2   34.9   34.9   40.8  1005.6  0.00   0.0   930    13.33    933     9.4  0.67   9.4   0.000   0.117   27.4    51   16.4   27.8   9.32 1.1444    47.2    ---    ---    0.00   203    3     93.5   10 
12/08/23  12:30   35.4   35.4   35.2    29   14.6   3.2    NE   0.54   9.7   NNE   35.4   35.1   35.1   41.1  1005.6  0.00   0.0   934    13.39    940     9.5  0.68   9.5   0.000   0.118   27.6    49   15.9   27.7   8.92 1.1447    47.2    ---    ---    0.00   206    3     94.9   10 
12/08/23  12:40   35.3   35.4   35.3    29   14.6   3.2    SE   0.54  14.5   ESE   35.3   35.1   35.1   40.9  1005.5  0.00   0.0   938    13.45    942     9.5  0.68   9.6   0.000   0.118   27.6    48   15.6   27.6   8.82 1.1450    47.2    ---    ---    0.00   207    3     95.4   10 
12/08/23  12:50   35.7   35.7   35.3    28   14.4   1.6   SSE   0.27   6.4    SE   35.7   35.4   35.4   41.2  1005.4  0.00   0.0   938    13.45    944     9.5  0.68   9.6   0.000   0.121   27.7    48   15.7   27.8   8.81 1.1444    48.3    ---    ---    0.00   208    3     95.9   10 
12/08/23  13:00   36.2   36.2   35.8    26   13.6   4.8   SSW   0.80  11.3   SSW   36.2   35.6   35.6   41.3  1005.5  0.00   0.0   944    13.53    949     9.6  0.69   9.6   0.000   0.124   27.8    44   14.4   27.5   8.15 1.1456    48.3    ---    ---    0.71   214    3     98.6   10 
12/08/23  13:10   36.3   36.4   36.1    25   13.2   3.2    SW   0.54  11.3     S   36.3   35.6   35.6   41.4  1005.5  0.00   0.0   936    13.42    942     9.4  0.67   9.5   0.000   0.125   27.8    44   14.5   27.6   8.15 1.1453    48.3    ---    ---    0.00   206    3     94.9   10 
12/08/23  13:20   36.6   36.6   36.3    26   13.9   3.2   SSW   0.54  11.3   SSW   36.6   36.2   36.2   42.0  1005.3  0.00   0.0   929    13.32    937     9.2  0.66   9.3   0.000   0.127   28.1    42   13.9   27.7   7.85 1.1449    48.9    ---    ---    0.00   211    3     97.2   10 
12/08/23  13:30   36.8   36.8   36.6    26   14.2   3.2   SSW   0.54   9.7   SSW   36.8   36.5   36.5   42.4  1005.2  0.00   0.0   915    13.12    925     8.8  0.63   8.9   0.000   0.128   28.2    42   14.0   27.8   7.85 1.1443    50.0    ---    ---    0.00   213    3     98.2   10 
12/08/23  13:40   37.2   37.2   36.8    23   12.6   4.8   WSW   0.80   9.7     W   37.2   36.3   36.3   41.9  1005.1  0.00   0.0   920    13.19    925     8.7  0.62   8.8   0.000   0.131   28.3    43   14.5   28.0   7.99 1.1432    50.6    ---    ---    0.00   202    3     93.1   10 
12/08/23  13:50   36.9   37.5   36.9    38   20.2   8.0   NNE   1.34  16.1   WNW   36.9   40.3   40.3   46.5  1004.9  0.00   0.0   904    12.96    916     8.5  0.61   8.6   0.000   0.129   28.5    47   16.1   28.7   8.58 1.1401    49.4    ---    ---    0.00   199    3     91.7   10 
12/08/23  14:00   36.3   36.9   36.3    38   19.7   9.7   NNW   1.61  16.1   NNW   36.3   39.2   39.2   45.3  1004.9  0.00   0.0   891    12.77    896     8.2  0.59   8.3   0.000   0.125   28.7    50   17.3   29.3   9.08 1.1375    48.3    ---    ---    0.00   207    3     95.4   10 
12/08/23  14:10   36.0   36.3   36.0    41   20.7  14.5    NW   2.41  25.7   WNW   36.0   39.6   39.6   45.2  1004.8  0.00   0.0   878    12.59    886     8.0  0.57   8.1   0.000   0.123   28.9    52   18.1   29.9   9.37 1.1354    47.2    ---    ---    0.74   212    3     97.7   10 
12/08/23  14:20   35.3   36.0   35.3    44   21.2  11.3   WNW   1.88  19.3   WNW   35.3   39.3   39.3   45.4  1004.7  0.00   0.0   861    12.34    870     7.7  0.55   7.8   0.000   0.118   29.2    54   18.9   30.5   9.75 1.1332    47.8    ---    ---    0.00   205    3     94.5   10 
12/08/23  14:30   34.7   35.3   34.7    47   21.8  11.3   WNW   1.88  20.9   WNW   34.7   39.1   39.1   45.2  1004.7  0.00   0.0   843    12.08    853     7.4  0.53   7.5   0.000   0.114   29.2    56   19.5   30.8  10.05 1.1323    47.2    ---    ---    0.00   199    3     91.7   10 
12/08/23  14:40   34.2   34.8   34.2    51   22.6  14.5    NW   2.41  22.5    NW   34.2   39.3   39.3   45.0  1004.6  0.00   0.0   825    11.83    828     7.0  0.50   7.1   0.000   0.110   29.3    57   19.9   31.1  10.24 1.1311    47.2    ---    ---    0.00   214    3     98.6   10 
12/08/23  14:50   33.8   34.2   33.8    52   22.5  11.3    NW   1.88  19.3    NW   33.8   38.7   38.7   44.8  1004.4  0.00   0.0   808    11.58    819     6.6  0.47   6.8   0.000   0.107   29.3    59   20.4   31.4  10.55 1.1300    46.1    ---    ---    0.00   206    3     94.9   10 
12/08/23  15:00   33.4   33.8   33.4    54   22.9  12.9   WNW   2.15  22.5    NW   33.4   38.6   38.6   44.6  1004.4  0.00   0.0   783    11.22    795     6.1  0.44   6.3   0.000   0.105   28.9    55   19.0   30.3   9.85 1.1336    45.6    ---    ---    0.71   212    3     97.7   10 
