                            ANNUAL CLIMATOLOGICAL SUMMARY

NAME: Boaz Nechemia's Vantage Pro  CITY: Jerusalem   STATE: Israel  
ELEV:   745 m  LAT:  31° 46' 09" N  LONG:  35° 12' 07" E

               TEMPERATURE (°C), HEAT BASE 14.5, COOL BASE 25.0
                          DEP.  HEAT  COOL                                          
        MEAN  MEAN        FROM  DEG   DEG                        MAX  MAX  MIN  MIN 
 YR MO  MAX   MIN   MEAN  NORM  DAYS  DAYS  HI  DATE  LOW  DATE  >=32 <=0  <=0  <=-18 
------------------------------------------------------------------------------------
 17  1  12.6   6.1   9.2  -0.6   161     0  17.8  25   2.5   28    0    0    0    0
 17  2  14.0   6.7  10.0  -0.5   134     0  21.7  26   2.2   17    0    0    0    0
 17  3  18.2   9.6  13.4   0.3    66     0  25.3  30   6.7   15    0    0    0    0
 17  4  23.8  12.3  17.5   0.7    24     7  34.4  22   9.3   10    1    0    0    0
 17  5  27.2  15.7  21.3   0.3     2    22  34.8   9  12.4    6    4    0    0    0
 17  6  29.6  18.0  23.5   0.2     0    39  35.4   8  14.6    1    5    0    0    0
 17  7  33.2  21.4  26.8   1.7     0    89  37.2   3  18.7   31   23    0    0    0
 17  8  31.6  20.0  25.0  -0.0     0    55  34.0   1  16.7   30   11    0    0    0
 17  9  30.0  19.0  23.6  -0.0     0    38  35.8  12  16.3   29    8    0    0    0
 17 10  24.8  15.8  19.6  -1.5     0     4  32.1   2  12.7   23    1    0    0    0
 17 11  19.8  13.2  15.6  -0.7     1     0  21.4   1  11.9    4    0    0    0    0
 17 12
------------------------------------------------------------------------------------
        24.5  14.5  19.0  -0.0   388   253  37.2 JUL   2.2  FEB   53    0    0    0

                                PRECIPITATION (mm)

               DEP.   MAX        DAYS OF RAIN 
               FROM   OBS.          OVER
 YR MO  TOTAL  NORM   DAY  DATE  .2   2   20
---------------------------------------------
 17  1  70.2  -61.8  38.4   27   11    4    1
 17  2  55.2  -75.8  18.0   16    8    6    0
 17  3   7.6  -67.4   2.4   10    6    3    0
 17  4   5.0  -14.0   4.0    2    3    1    0
 17  5   0.0   -6.5   0.0    1    0    0    0
 17  6   0.0    0.0   0.0    1    0    0    0
 17  7   0.0    0.0   0.0    1    0    0    0
 17  8   1.2    1.2   0.4   30    5    0    0
 17  9   2.2    1.6   0.6   30    9    0    0
 17 10   4.2   -9.8   3.6    9    3    1    0
 17 11   0.0  -55.0   0.0    1    0    0    0
 17 12
---------------------------------------------
       145.7-287.4  38.4  JAN   45   15    1

                                WIND SPEED (kt)
                          DOM
 YR MO   AVG.  HI   DATE  DIR
---------------------------------
 17  1   3.4  39.1   27   ESE
 17  2   2.8  25.2   16   ESE
 17  3   3.5  32.2   11    NW
 17  4   3.8  31.3    6    NW
 17  5   4.2  27.8   20    NW
 17  6   4.5  23.5   14    NW
 17  7   4.2  22.6   28    NW
 17  8   4.1  20.9   18    NW
 17  9   3.7  22.6    6    NW
 17 10   2.7  22.6   30    NW
 17 11   2.4  13.9    1    NW
 17 12
---------------------------------
         3.7  39.1  JAN   NW
