                            ANNUAL CLIMATOLOGICAL SUMMARY

NAME: Boaz Nechemia's Vantage Pro  CITY: Jerusalem   STATE: Israel  
ELEV:   745 m  LAT:  31° 46' 09" N  LONG:  35° 12' 07" E

               TEMPERATURE (°C), HEAT BASE 14.5, COOL BASE 25.0
                          DEP.  HEAT  COOL                                          
        MEAN  MEAN        FROM  DEG   DEG                        MAX  MAX  MIN  MIN 
 YR MO  MAX   MIN   MEAN  NORM  DAYS  DAYS  HI  DATE  LOW  DATE  >=32 <=0  <=0  <=-18 
------------------------------------------------------------------------------------
 14  1  15.2   7.7  11.1   2.7   113     0  20.4  21   4.5    6    0    0    0    0
 14  2  16.3   7.8  11.5   2.2    94     0  24.5  22   2.9    6    0    0    0    0
 14  3  19.6  10.0  14.7   2.8    58     0  25.9   7   4.4   14    0    0    0    0
 14  4  24.2  12.8  18.2   2.5    19     7  31.7  24   8.3   14    0    0    0    0
 14  5  25.9  15.3  20.6   0.7     3    15  33.8  30  11.9   14    2    0    0    0
 14  6  28.5  17.6  22.8   0.5     0    35  36.5  28  13.9    3    6    0    0    0
 14  7  29.4  19.3  23.8   0.3     0    33  33.5  12  17.6    1    2    0    0    0
 14  8  30.9  20.1  24.8   0.8     0    49  33.8  24  17.8    1    8    0    0    0
 14  9  27.9  18.4  22.3  -0.1     0    15  32.3  27  15.4   30    1    0    0    0
 14 10  24.8  15.4  19.4  -0.9     1     6  32.0   8  11.3   21    1    0    0    0
 14 11  18.8  11.7  14.8  -0.4    36     0  25.5  10   7.8   28    0    0    0    0
 14 12  17.1   9.9  13.2   2.7    64     0  22.9   4   6.1   31    0    0    0    0
------------------------------------------------------------------------------------
        23.2  13.9  18.1   1.2   389   160  36.5 JUN   2.9  FEB   20    0    0    0

                                PRECIPITATION (mm)

               DEP.   MAX        DAYS OF RAIN 
               FROM   OBS.          OVER
 YR MO  TOTAL  NORM   DAY  DATE  .2   2   20
---------------------------------------------
 14  1   2.0 -130.0   1.2   11    3    0    0
 14  2   4.4 -126.6   2.2   15    4    1    0
 14  3 107.6   32.6  38.2   12    7    5    2
 14  4   0.8  -18.2   0.4    4    3    0    0
 14  5  34.0   27.5  29.4    8    2    2    1
 14  6   0.4    0.4   0.2   11    2    0    0
 14  7   0.0    0.0   0.0    1    0    0    0
 14  8   0.0    0.0   0.0    1    0    0    0
 14  9   0.0   -0.6   0.0    1    0    0    0
 14 10  29.6   15.6  23.6   31    3    2    1
 14 11 215.4  160.4  87.8   26   14   11    3
 14 12  24.0  -80.0   7.2   22    7    5    0
---------------------------------------------
       418.2-118.9  87.8  NOV   45   26    7

                                WIND SPEED (kt)
                          DOM
 YR MO   AVG.  HI   DATE  DIR
---------------------------------
 14  1   0.7  24.3   28   ESE
 14  2   0.9  19.1   12     W
 14  3   1.5  25.2   12     W
 14  4   1.3  26.1   19   WNW
 14  5   1.3  18.3   28   WNW
 14  6   1.7  20.9    5   WNW
 14  7   2.1  22.6   20   WNW
 14  8   1.5  18.3   26   WNW
 14  9   1.4  17.4   25   WNW
 14 10   1.0  18.3   18   WNW
 14 11   1.4  26.1   26   WNW
 14 12   0.8  15.7   22    SE
---------------------------------
         1.3  26.1  APR  WNW
